Pair_ID	relatedness_score
6	3.0388913
7	2.6583958
8	2.1688743
1	4.191966
1	3.1433396
1	3.7719
1	3.7069964
1	2.1120806
1	1.5155087
1	3.603539
2	3.4640875
2	3.2341485
2	4.0442367
2	4.2280946
2	2.0169396
2	2.8262134
3	3.5147128
3	4.0179973
3	3.72884
3	3.5954254
3	3.7009246
3	4.0656996
3	2.3521333
3	3.7611198
4	3.5732758
4	4.028708
4	3.915971
4	3.4317713
5	3.829489
5	3.9070787
5	4.118555
5	3.9963634
5	3.149188
5	4.1436615
5	4.249918
6	3.5483487
6	3.1950932
6	3.4147334
6	2.67873
6	3.548468
6	3.095225
6	2.1530733
6	3.3197956
7	2.915051
7	3.9597976
7	3.711451
7	3.3008947
8	2.4708552
8	2.0422366
8	3.9349754
9	1.3547912
9	1.5385977
9	1.3371148
1	3.4305172
1	3.8746438
1	3.2886891
1	3.868761
1	3.803432
1	3.7591872
1	2.9995775
1	2.8507903
1	3.010183
1	3.9316425
1	2.4746056
1	3.977509
1	4.1796803
1	4.1282573
1	3.0074105
1	3.278001
1	3.5090218
1	2.6216326
1	3.3468304
1	4.0088096
1	3.134305
1	4.2023573
1	3.6741533
1	4.049315
1	3.5268962
1	2.5619147
1	4.0673275
1	4.1124053
1	3.6517308
1	3.5535166
1	3.8360224
1	4.089746
1	3.6540828
1	4.038223
1	3.4008012
1	4.1377897
1	3.5097742
1	3.6942286
1	3.7885468
1	4.0767107
1	3.7533333
1	3.724568
1	3.6226945
1	2.6574926
1	1.9882622
1	1.8202868
1	2.1092067
1	3.7575126
1	3.8488483
1	4.112986
1	3.947919
1	2.8952925
1	3.151466
1	2.6525562
1	2.6112916
1	3.9317343
1	3.6999888
1	3.1529636
1	3.6602259
1	3.8968778
1	4.1844206
2	2.6404727
2	4.2393255
2	4.1982503
2	3.2667677
2	4.3048096
2	4.0555253
2	3.4640274
2	3.1327548
2	2.5711715
2	1.4349077
2	2.8616538
2	3.947266
2	3.7705684
2	3.8931365
2	3.4581807
2	4.022493
2	3.0422082
2	2.7892756
2	3.762035
2	4.07744
2	3.8289595
2	4.0182514
2	2.9590983
2	4.1895256
2	2.8629737
2	1.7490056
2	3.6632419
2	3.9446354
2	3.8224928
2	4.1857576
2	3.7341728
2	4.3044157
2	3.668984
2	3.3777275
2	4.128744
2	3.5070772
2	4.195761
2	4.118049
2	3.6079142
2	2.5727572
2	4.1284957
2	3.5985537
2	3.4624715
2	2.8836226
2	2.8928843
2	3.6110406
2	3.5872147
2	2.3440735
2	3.1385221
2	3.1697712
3	2.2656991
3	3.5049539
3	3.931958
3	3.6004987
3	3.7425127
3	3.9586992
3	3.7133224
3	3.612752
3	4.0602107
3	4.114935
3	3.4041884
3	1.1642504
3	1.4182636
3	2.11266
3	3.8138862
3	3.811213
3	3.2553244
3	3.6402738
3	3.1234818
3	3.821882
3	4.079565
3	2.574884
3	3.9018414
3	2.8557901
3	3.842808
3	4.023061
3	3.8854184
3	3.8614745
3	3.3618684
3	3.2652068
3	3.9443755
3	3.9194164
3	3.840668
3	3.20743
3	3.6392875
3	3.8035634
3	3.532787
3	3.9609528
3	3.8135662
3	3.8815694
3	3.8885343
3	3.9178905
4	2.8716002
4	3.688212
4	3.832498
4	1.8066089
4	1.6480832
4	2.5643137
4	3.7221527
4	2.1738565
4	2.536854
4	3.4979026
4	3.7445803
4	3.2324944
4	2.6296291
4	3.3383079
4	3.68257
4	3.7245507
4	3.892135
4	3.5865638
4	4.132951
4	2.4794507
4	3.514799
4	3.9424703
4	3.972116
4	4.2211957
4	3.7783914
4	3.6223013
4	3.4662464
4	4.118602
4	3.2998621
4	3.1011195
4	3.7002747
4	3.3740888
4	3.1795762
4	3.0233831
4	3.4127126
4	3.5715487
4	3.584209
4	3.3743966
4	3.573092
4	3.9528813
4	4.1366606
4	3.9312725
4	3.9773445
4	3.133556
4	2.8473022
4	1.2430582
4	1.8537226
4	3.7635736
4	3.2400475
4	3.5453637
4	3.3810537
4	3.099049
4	2.9303668
4	3.7498765
4	3.7168148
4	3.6466742
5	3.6431644
5	4.0544553
5	3.6284614
5	3.3293247
5	2.3533366
5	4.077257
5	3.006339
5	3.1017575
5	3.9866552
5	4.162395
5	3.6996055
5	4.3470044
5	2.3264809
5	4.032259
5	3.9606667
5	3.6508303
5	4.0516133
5	2.8471274
5	3.7207994
5	4.2103267
5	3.7228532
5	3.223118
5	4.1736226
5	2.9948537
5	2.9806619
5	2.612658
5	2.7316327
5	3.9432878
5	3.9665525
5	3.360704
5	3.4229612
5	4.012466
5	3.896525
5	3.5156493
5	3.1772716
5	3.4146178
5	3.9511328
5	3.2909665
5	2.5599816
5	3.7030716
5	3.225595
5	3.8242407
5	3.2528512
5	3.267612
5	3.8873026
5	4.3372307
5	3.597646
5	3.9110584
5	3.3210669
5	4.235129
5	3.2684207
5	3.2780318
5	3.9646182
5	3.5635228
5	1.8982322
5	2.679
5	3.6574764
6	4.0596476
6	3.8168566
6	2.2355263
6	2.0519412
6	2.151444
6	3.0564914
6	4.229299
6	3.9624498
6	2.5127318
6	3.2265792
6	2.3708522
6	3.1383586
6	3.4008207
6	3.3686285
6	2.9998941
6	3.2533238
6	3.3811512
6	3.3400187
6	4.013502
6	3.786852
6	4.2084675
6	3.9369233
6	4.026827
6	3.5075915
6	3.9649844
6	4.0084753
6	3.303587
6	2.7187667
6	3.859295
6	3.9068904
6	3.1095555
6	4.178392
6	3.9329028
6	3.1341496
6	2.8967957
6	3.3552616
6	3.2161355
6	4.169631
6	3.911086
6	3.9473844
6	3.690753
6	3.41034
6	3.8447824
6	3.9876297
6	3.7707956
6	3.490301
7	4.3879333
7	3.2565434
7	3.410797
7	3.3505263
7	3.355952
7	3.803998
7	1.1721368
7	2.5199046
7	3.4829745
7	4.1485143
7	3.5852156
7	3.7523365
7	3.6533403
7	3.1054606
7	3.5544376
7	3.091311
7	4.2546134
7	3.9216578
7	3.8025723
7	3.5639932
7	3.6486402
7	2.7738757
7	4.2181067
7	3.2728777
7	4.27853
7	4.0230937
7	3.9380336
7	4.2434106
7	3.8182044
7	2.2121315
7	1.9359856
7	1.370729
7	4.0100503
7	3.5945048
7	2.684232
7	3.3852367
7	2.7385244
7	4.184853
7	3.636612
7	3.4263644
7	4.147551
7	3.521557
7	4.1656423
7	3.8777926
7	4.0874944
7	3.4161742
8	1.6898468
8	3.165526
8	2.981788
8	3.9308295
8	2.301
8	3.4682236
8	3.9655337
8	3.5925136
8	2.8538337
8	3.363914
8	2.8597426
8	2.199056
8	4.017516
8	3.6691337
8	3.8585513
8	3.392774
8	3.961728
8	3.748757
8	3.9030588
8	2.3883793
8	3.5012476
8	3.7863894
8	3.6590505
8	3.6123424
8	2.4977283
8	3.2883222
8	2.6614335
8	3.5433247
8	2.5193918
8	2.3642151
8	2.4230113
8	3.6167994
8	3.4780693
8	3.9271677
8	3.6966405
8	3.6803505
8	3.8340435
8	3.4586298
8	3.060249
8	4.0590177
8	2.6187093
8	2.4104722
8	2.3296604
8	3.9057252
8	3.1694455
8	3.6715713
8	3.7056487
8	3.5227175
9	4.025265
9	4.2589455
9	3.6642244
9	4.168947
9	4.164281
9	4.2691984
9	4.33985
9	4.2428412
9	4.221849
9	2.5992937
9	3.5689707
9	1.3963351
9	3.9418974
9	3.6351218
9	4.0756197
9	3.9355206
9	3.6814795
9	3.8074265
9	4.193231
9	4.2235503
9	3.7284963
9	3.9882522
9	3.8878593
9	3.9787025
9	3.0223446
9	3.7783885
9	3.7311954
9	4.120629
9	4.056651
9	3.859419
9	3.1170034
9	4.0589237
9	2.1151297
9	3.1626496
9	1.662961
9	3.127153
9	2.7359312
9	3.2462018
9	2.499146
9	3.73784
9	3.7526379
9	2.649192
9	3.051515
9	3.5667908
9	4.0191
9	3.9454796
9	2.1743948
9	2.2563972
9	3.5352917
9	2.8161457
9	3.96658
1	3.6355104
1	2.9549165
1	3.654087
1	2.6655924
1	4.0268073
1	3.988947
1	4.0227556
1	3.26677
1	3.6294537
1	3.659112
1	3.8766794
1	2.3903742
1	4.174005
1	3.0239007
1	3.9600258
1	3.0330315
1	3.9621098
1	2.4848714
1	3.65841
1	3.5591435
1	3.6779327
1	3.5585852
1	3.653879
1	3.7340794
1	3.4666142
1	3.4097943
1	4.0060835
1	3.6783826
1	3.3112607
1	3.7093759
1	3.770194
1	3.022599
1	3.7344503
1	4.286611
1	4.0307813
1	4.1260304
1	3.9890711
1	3.7449205
1	3.8532028
1	3.9788275
1	4.1660037
1	3.7266986
1	3.8158503
1	3.4460354
1	3.9523754
1	1.3878508
1	1.5394595
1	1.418871
1	3.7233102
1	3.1949687
1	3.7721748
1	1.0366797
1	1.0454248
1	0.667567
1	3.9126463
1	4.392242
1	4.2615914
1	4.0950484
1	3.405783
1	3.442558
1	3.9546344
1	3.8398554
1	3.4507742
1	3.2194698
1	3.901168
1	2.9120548
1	4.1142254
1	4.162963
1	4.1716022
1	1.2419531
1	3.032648
1	1.3765547
1	1.3497586
1	3.6462905
1	3.3384352
1	3.3599849
1	1.8737371
1	3.8176932
1	3.4931107
1	4.20022
1	4.109665
1	3.8085394
1	4.3518524
1	4.0368032
1	2.198876
1	4.4088416
1	3.4674797
1	4.2835317
1	2.7407594
1	1.9863253
1	1.5211644
1	4.1559634
1	2.3946457
1	3.1829205
1	4.207186
1	3.488007
1	3.95676
1	4.0810146
1	2.500777
1	2.9465346
1	2.8131824
1	4.0861654
1	3.9609509
1	1.51104
1	3.330698
1	4.2414923
1	3.1785398
1	4.065229
1	4.0144362
1	4.4093723
1	3.9422038
1	3.577223
1	3.3351119
1	2.1452353
1	3.643149
1	4.2131057
1	3.8487842
1	4.0077806
1	4.1071935
1	3.0506048
1	2.6200604
1	3.0683653
1	3.8391883
1	3.3376462
1	4.047038
1	3.9541428
1	3.1672616
1	3.5212553
1	2.7583454
1	3.8215318
1	3.9785876
1	4.039769
1	3.029523
1	3.704615
1	1.2171907
1	1.7725823
1	1.3673494
1	1.6621192
1	1.4364226
1	3.4703336
1	3.884653
1	3.8383784
1	3.0275729
1	1.7286232
1	3.523937
1	3.50535
1	3.0565863
1	2.4567668
1	1.8818324
1	2.8056178
1	3.2457201
1	3.7348266
1	3.4465833
1	4.0146055
1	1.6098318
1	3.1915994
1	3.7227495
1	3.000423
1	3.8929605
1	1.2604945
1	1.8958371
1	2.6742399
1	1.5443804
1	3.817069
1	3.988121
1	4.054294
1	4.1764627
1	3.4361763
1	3.8990805
1	3.933949
1	4.028538
1	3.8525896
1	2.1227639
1	3.9148722
1	3.6029282
1	3.989161
1	4.0386024
1	3.8510427
1	3.3413203
1	3.9497466
1	3.7320356
1	4.1490893
1	2.644567
1	1.601059
1	3.2862902
1	3.9562778
1	3.9674811
1	4.075962
1	3.7370892
1	4.1235156
1	3.6154773
1	4.213503
1	3.3023295
1	3.1702223
1	4.135397
1	3.0188055
1	3.7369952
1	2.4361515
1	1.528662
1	2.971924
1	1.9234364
1	3.6474643
1	1.7123978
1	3.8323612
1	3.8730965
1	1.5146847
1	3.465314
1	3.0576415
1	2.8120484
1	3.5494153
1	3.5837731
1	1.4805622
1	3.6911507
1	3.8636093
1	3.9319775
1	3.4400792
1	1.6034377
1	3.065662
1	2.108336
1	3.9205842
1	3.466945
1	3.4652762
1	2.616149
1	3.711328
1	3.0238104
1	2.6675124
1	1.3157892
1	0.8707243
1	1.7091889
1	3.1881008
1	3.4296136
1	2.0062265
1	1.6266389
1	1.0514345
1	1.392206
1	3.7591255
1	1.9199407
1	3.3195179
1	1.0091116
1	1.0795696
1	3.966935
1	3.8971095
1	3.1987057
1	3.7095928
1	3.7871826
1	3.6752462
1	3.90405
1	1.9783638
1	2.6006563
1	2.8055491
1	3.672053
1	3.1413202
1	3.455058
1	3.5777502
1	3.822723
1	4.263579
1	3.8694975
1	2.6063395
1	1.0933454
1	1.4669542
1	1.0386634
1	4.079371
1	3.7845454
1	4.137013
1	4.138261
1	4.02113
1	3.7258346
1	1.7643054
1	1.8070035
1	3.5609865
1	4.0295625
1	3.8177304
1	3.582033
1	3.2874806
1	3.97495
1	1.6740584
1	2.195822
1	4.139799
1	3.1462018
1	1.9808319
1	3.7681348
1	2.0062852
1	2.8534527
1	3.846987
1	4.031769
1	3.1039705
1	3.1677558
1	1.9661896
1	3.646162
1	3.9560962
1	3.6036904
1	3.6899183
1	2.7730103
1	2.869398
1	2.5285952
1	3.8480167
1	3.4803538
1	3.8488283
1	2.3093848
1	3.0562081
1	3.3928888
1	3.3463593
1	2.379721
1	3.2317755
1	3.9421723
1	3.8994634
1	2.3470478
1	3.6016312
1	4.140029
1	2.4310791
1	3.221929
1	2.3427277
1	1.2190428
1	4.1252832
1	3.5010138
1	3.879455
1	3.5884147
1	3.8719678
1	3.7788458
1	4.140343
1	3.9461117
1	4.0574574
1	3.1133924
1	4.378442
1	4.1247287
1	4.2525616
1	3.0612557
1	3.3359025
1	2.1170619
1	4.132426
1	1.2656864
1	1.0560067
1	3.2097976
1	2.676394
1	3.3607016
1	3.577816
1	3.1562407
1	3.762208
1	3.6231408
1	2.4962945
1	3.8176467
1	3.3009288
1	3.8593946
1	0.9797112
1	3.7049246
1	3.8861241
1	3.4311275
1	4.2712765
1	2.1223848
1	1.7372482
1	3.5245728
1	3.2220454
1	4.2615185
1	4.061201
1	4.228442
1	4.007686
1	4.178919
1	3.4316144
1	3.9099712
1	3.2465887
1	2.0467613
1	3.198811
1	3.0007894
1	3.9423275
1	3.9315565
1	2.7965178
1	2.1663883
1	2.817298
1	1.1146481
1	1.2583554
1	4.2798247
1	3.823102
1	4.123139
1	3.569274
1	3.2824852
1	4.0273757
1	4.109162
1	3.6830387
1	3.782507
1	3.2676911
1	4.304546
1	3.3932838
1	3.4659681
1	4.3815184
1	4.0920973
1	4.0619855
1	3.5085263
1	3.2777247
1	2.385625
1	4.1572328
1	4.0336595
1	3.7678375
1	3.5106602
1	3.8301284
1	3.780021
1	4.1945066
1	3.281372
1	3.91362
1	4.417684
1	1.3342402
1	1.4893945
1	2.0332503
1	3.913537
1	3.6429477
1	4.176224
1	4.1566463
1	4.2047706
1	4.0203
1	2.7146945
1	2.292244
1	4.2569942
1	4.0359945
1	2.386644
1	3.3119197
1	3.4626493
1	2.0525095
1	4.1379676
1	3.989189
1	3.7258842
1	4.3874283
1	1.8652539
1	4.3632865
1	4.05162
1	4.296371
1	4.3123465
1	4.3436913
1	3.8051379
1	1.7007008
1	2.6975627
1	3.756763
1	3.211361
1	2.6534033
1	3.914269
1	3.505783
1	4.0956464
1	3.9557648
1	3.906592
1	2.76712
1	3.8138628
1	3.7298355
1	2.0468838
1	3.1285057
1	3.9827275
1	3.449555
1	3.5636458
1	4.1146493
1	3.5861273
1	4.2188582
1	4.2056284
1	3.8802152
1	2.680595
1	4.24414
1	2.668827
1	3.2522984
1	3.6943607
1	3.67141
1	3.5188065
1	1.1808057
1	1.1111922
1	2.044341
1	1.0474913
1	1.2401768
1	3.4231668
1	0.971283
1	1.7785432
1	1.1192524
1	3.9690323
1	2.8180895
1	3.876615
1	4.078719
1	3.1510012
1	3.1037562
1	3.9028711
1	1.8404319
1	1.5903962
1	2.7800918
1	1.2052405
1	1.4592259
1	2.0020444
1	2.4754112
1	2.1364825
1	1.5004475
1	3.742826
1	3.8966656
1	3.615519
1	3.8134923
1	4.0813985
1	3.7643893
1	3.7247758
1	1.1377554
1	1.1104288
1	1.5153279
1	1.4965501
1	3.9829998
1	1.7795525
1	3.40549
1	3.309874
1	4.1585946
1	4.2332845
1	4.403885
1	3.2329469
1	3.5767524
1	3.3519685
1	1.6421242
1	2.2793343
1	3.2391949
1	3.2979078
1	3.634522
1	4.2383733
1	4.0630736
2	3.2647662
2	4.158542
2	1.2074487
2	1.2251167
2	3.6092389
2	1.0240531
2	1.9088619
2	1.1116483
2	4.2122884
2	3.8319116
2	3.223188
2	4.1844544
2	3.7280793
2	4.1972404
2	4.213283
2	4.1110544
2	3.56923
2	3.127924
2	1.1083663
2	2.9349842
2	1.1312747
2	3.9953718
2	4.219566
2	3.4771488
2	3.61417
2	2.5322185
2	2.7118404
2	3.740376
2	3.6797252
2	4.061294
2	3.5528538
2	3.4514163
2	3.7118416
2	3.1361296
2	3.8211474
2	0.9524938
2	3.629912
2	4.287661
2	4.199253
2	2.894505
2	1.815198
2	1.6578665
2	2.778055
2	3.8916457
2	4.3642387
2	4.1628623
2	4.129437
2	3.4207408
2	4.147875
2	3.8643627
2	4.098199
2	3.6890953
2	4.072504
2	3.5034366
2	3.5510225
2	3.8605895
2	4.00605
2	2.812738
2	2.7700567
2	3.8936203
2	3.8584538
2	3.9925475
2	3.9304144
2	3.9275723
2	2.9773762
2	3.5274549
2	3.6839824
2	3.446713
2	3.897287
2	4.226445
2	3.8757894
2	3.3374352
2	4.0320225
2	3.836406
2	4.31044
2	3.7714362
2	3.7118719
2	3.8237052
2	3.8534057
2	3.7904966
2	3.2725866
2	3.912766
2	3.8102427
2	3.999591
2	3.1792493
2	3.9757133
2	3.9062066
2	3.4152913
2	4.104428
2	3.9608035
2	4.167455
2	3.9785297
2	3.4124746
2	3.738401
2	3.9201694
2	3.2467365
2	3.2818022
2	3.9343007
2	4.0369997
2	3.9313579
2	4.136696
2	3.9298499
2	3.7534266
2	3.7388134
2	4.1085463
2	3.6099322
2	3.096797
2	4.2955317
2	3.3691568
2	3.5985856
2	3.9914613
2	3.0741496
2	3.7471895
2	3.9174237
2	3.919211
2	4.0556498
2	4.078578
2	3.9737096
2	2.464919
2	3.977529
2	3.668182
2	3.7729206
2	3.6575055
2	4.0173054
2	3.7827663
2	3.526645
2	4.0791287
2	3.6166961
2	3.7004526
2	4.088604
2	3.6807785
2	3.2384253
2	3.4841084
2	4.066108
2	3.7707067
2	4.169087
2	2.462713
2	3.629797
2	4.166686
2	4.279643
2	4.064305
2	3.8245137
2	4.2141366
2	3.5254703
2	4.1976304
2	4.150534
2	4.196498
2	3.1121116
2	3.6873202
2	3.9410942
2	4.216778
2	4.1659093
2	3.8836439
2	3.3890438
2	3.8090115
2	2.9304125
2	3.40541
2	2.650265
2	3.5747652
2	3.5448833
2	3.5908172
2	3.869485
2	3.9662879
2	3.770729
2	4.070725
2	3.415215
2	3.771191
2	4.105527
2	4.256308
2	3.3943868
2	2.5620904
2	3.656601
2	4.171543
2	4.2230906
2	3.6089058
2	3.890946
2	4.168
2	4.219234
2	4.1839957
2	3.5560846
2	4.0005693
2	4.030008
2	3.3448246
2	4.3023176
2	1.30232
2	3.0052288
2	4.0511503
2	3.800461
2	4.286621
2	4.012708
2	4.316883
2	3.9154382
2	4.076209
2	4.298778
2	3.249558
2	3.9866605
2	2.538085
2	1.2090182
2	1.3231997
2	3.509512
2	3.649448
2	2.9872632
2	4.193129
2	1.5774641
2	2.6103153
2	3.3378112
2	3.9291434
2	2.9164639
2	3.1112592
2	3.4497688
2	3.965371
2	3.263005
2	3.518888
2	3.9509668
2	3.9248598
2	4.181268
2	4.2226067
2	3.8015716
2	3.5617883
2	3.6869473
2	2.5833712
2	2.3281834
2	3.822473
2	3.8525205
2	2.6365988
2	4.2933097
2	3.7801485
2	4.024021
2	3.5406852
2	3.547169
2	3.4091625
2	1.6443317
2	3.7917724
2	1.6399
2	2.8076081
2	3.7215853
2	4.0465155
2	3.2973812
2	2.9730434
2	2.5760221
2	4.0267205
2	3.7615638
2	4.026307
2	3.3819466
2	4.2427216
2	3.8653016
2	4.146116
2	4.373834
2	4.2181225
2	3.9507115
2	4.234054
2	3.7739043
2	1.5390625
2	4.1726985
2	4.1360097
2	4.2376423
2	3.3675323
2	4.258154
2	4.24599
2	3.987388
2	3.0654917
2	3.529011
2	3.7783108
2	3.4534023
2	3.9682837
2	3.6828995
2	3.90494
2	3.8776789
2	3.0487638
2	3.3753319
2	2.617703
2	3.8887663
2	3.9822726
2	4.108025
2	3.3369977
2	3.8859549
2	3.5644298
2	3.4449863
2	3.4693875
2	4.0625925
2	4.393461
2	3.6765776
2	3.3865404
2	3.9608958
2	4.1360188
2	3.3293188
2	4.092304
2	2.9696245
2	4.2768598
2	4.177372
2	4.0702333
2	3.3200192
2	3.288347
2	4.1458583
2	4.161123
2	4.1965613
2	3.3524845
2	4.146007
2	4.189662
2	3.7366676
2	3.729514
2	4.097439
2	3.2306652
2	3.4440737
2	4.0080914
2	4.1607914
2	4.1810193
2	4.29274
2	3.6514785
2	3.5713282
2	3.6087027
2	3.699839
2	2.4482913
2	4.0124106
2	2.9281201
2	4.312751
2	3.9020662
2	4.243773
2	2.6435103
2	3.4199924
2	4.145513
2	3.0414348
2	2.9959645
2	3.7914662
2	1.6673026
2	4.212808
2	4.2483478
2	3.3527398
2	3.4415035
2	3.1429904
2	3.8280075
2	3.337615
2	3.8153806
2	4.0008526
2	3.7372308
2	3.7495618
2	3.4071078
2	3.2800174
2	3.614316
2	4.25705
2	3.637604
2	3.7702007
2	3.5416672
2	3.3746374
2	4.28406
2	2.955328
2	3.4932623
2	3.778369
2	1.5617213
2	1.9351296
2	1.409523
2	3.1025376
2	3.7639654
2	3.6150234
2	3.8041756
2	2.7728784
2	4.101723
2	3.1812816
2	3.7022889
2	4.200653
2	3.4829886
2	2.5072973
2	4.211496
2	3.9117112
2	4.120026
2	2.1591532
2	1.3809571
2	2.659502
2	4.063228
2	3.7800224
2	4.1701317
2	4.122691
2	4.0068946
2	4.185819
2	3.9072442
2	4.241669
2	4.1635647
2	4.443555
2	3.0486572
2	3.971375
2	3.622436
2	3.8078268
2	3.4987116
2	3.342991
2	3.1480665
2	3.9126954
2	4.0880756
2	3.4480765
2	3.6233704
2	4.0415654
2	3.911745
2	3.5410442
2	3.461277
2	2.7783232
2	3.9440436
2	4.0168858
2	3.5071394
2	4.039967
2	3.736494
2	2.5714762
2	3.9801924
2	3.5220327
2	3.9016678
2	1.8119953
2	3.3018844
2	3.3022313
2	3.8622768
2	3.7259624
2	3.9198499
2	3.9429944
2	4.095518
2	4.2242737
2	1.4060562
2	3.635211
2	1.3755174
2	3.793912
2	4.014489
2	3.7549767
2	3.9885638
2	3.8142066
2	3.8253217
2	3.9946415
2	1.9356561
2	3.6896486
2	4.1435537
2	4.0829816
2	3.2174904
2	4.193433
2	4.056662
2	2.8318093
2	3.6722322
2	3.9270434
2	4.26397
2	3.6991062
2	3.8228183
2	3.0790203
2	2.4058301
2	3.4721494
2	3.3948011
2	3.673084
2	3.5260568
2	2.6750686
2	4.2164736
2	4.021879
2	4.034867
2	3.6792688
2	4.054258
2	4.029613
2	3.994001
2	4.1773415
2	4.0309033
2	4.1907063
2	3.9660678
2	3.1792965
2	3.561889
2	3.0444882
2	3.4495645
2	4.2234983
2	4.1814365
2	3.5740192
2	3.79973
2	3.2816713
2	3.881269
2	3.155474
2	4.2759204
2	3.6331396
2	2.253018
2	2.5301027
2	3.1206217
2	4.141444
3	3.5515707
3	3.6646655
3	3.9318829
3	3.9771643
3	4.1223316
3	2.4565835
3	4.064424
3	3.0899992
3	4.0764265
3	3.3799758
3	4.105979
3	1.6591611
3	3.9988656
3	4.082917
3	4.2374725
3	4.2325406
3	4.251833
3	3.0854979
3	4.2107935
3	4.205779
3	2.9218426
3	4.1560597
3	4.0118723
3	3.193808
3	4.0045967
3	4.087583
3	2.7609782
3	3.353046
3	2.12004
3	1.5813122
3	1.4080749
3	2.3937957
3	3.1847358
3	3.3604424
3	4.1544523
3	4.0937414
3	3.8418293
3	3.891154
3	3.980184
3	3.5836232
3	4.004459
3	3.9626856
3	3.834176
3	3.845076
3	3.6057656
3	4.2435703
3	3.7334013
3	3.5724745
3	4.1854935
3	3.8985329
3	1.3171287
3	3.2483935
3	3.8382783
3	2.9088557
3	3.6829307
3	3.0849533
3	1.4637601
3	4.06063
3	4.048692
3	4.11373
3	2.150758
3	3.730843
3	4.0736165
3	3.6552
3	3.7589238
3	4.02212
3	3.7377677
3	3.8696795
3	3.4742334
3	4.1195374
3	4.062842
3	3.9234326
3	3.654008
3	3.5382855
3	3.285859
3	3.9387052
3	2.6240568
3	3.1780353
3	2.7628813
3	4.120162
3	4.119267
3	4.3335514
3	4.4646473
3	4.0839953
3	4.1854215
3	3.9938333
3	3.0404572
3	3.478516
3	3.9950283
3	3.5202696
3	3.7066107
3	3.2299626
3	3.7813907
3	3.136489
3	4.060439
3	3.7025506
3	3.7664046
3	3.8340018
3	3.9403703
3	3.5376663
3	4.213275
3	3.569007
3	3.7319818
3	3.7536469
3	4.038746
3	4.024894
3	3.8607469
3	3.9990864
3	3.6567934
3	3.8210068
3	3.6679118
3	3.9483232
3	3.9625754
3	3.690569
3	4.074688
3	4.049333
3	3.9658687
3	4.0953293
3	3.887219
3	4.1729403
3	3.8681629
3	3.9719906
3	3.8951154
3	4.220278
3	4.228019
3	3.3945358
3	4.0047317
3	4.3202586
3	3.9096603
3	4.0670366
3	3.5046942
3	4.2281566
3	4.180267
3	3.3912525
3	4.355984
3	3.3683696
3	3.3123488
3	3.188171
3	3.9042783
3	4.050566
3	3.258956
3	3.7909422
3	3.7121878
3	3.114134
3	4.3260303
3	3.9555163
3	4.243357
3	2.324794
3	4.316622
3	4.250347
3	4.272384
3	2.5362382
3	4.1046147
3	4.372644
3	3.9741158
3	3.326428
3	3.4375165
3	3.8333125
3	3.578655
3	3.7958145
3	3.4111545
3	4.094101
3	1.6329446
3	4.262488
3	3.6609461
3	3.9557357
3	2.869679
3	3.67863
3	3.376782
3	3.8282254
3	3.658512
3	1.7024384
3	3.8449588
3	3.8213944
3	3.8566868
3	3.7877874
3	3.7746937
3	3.5214424
3	3.6862442
3	3.7480085
3	3.8939219
3	3.9018607
3	3.245759
3	3.8631768
3	4.1211343
3	4.3319707
3	4.135202
3	1.8519647
3	1.9148226
3	3.5211167
3	4.0440316
3	3.9601064
3	3.4472637
3	3.7520022
3	3.9881082
3	3.3809752
3	3.0094035
3	2.968616
3	3.9900496
3	4.0434914
3	2.8104217
3	3.2218902
3	1.7414432
3	2.9009466
3	1.355607
3	1.6071227
3	3.8138552
3	3.6458597
3	4.3755274
3	3.9565485
3	4.225295
3	4.1505184
3	4.0455694
3	4.1610703
3	4.1593013
3	4.246052
3	3.628818
3	4.3706536
3	4.3243184
3	4.2623577
3	4.0874248
3	4.2303257
3	3.9633756
3	2.4422433
3	1.5704179
3	1.2366419
3	3.7505178
3	3.516941
3	1.3973324
3	3.9958637
3	2.735024
3	4.3387733
3	4.2026534
3	3.7669272
3	4.253418
3	2.3245184
3	2.6300347
3	3.8890874
3	3.279098
3	3.9074552
3	4.2398977
3	4.1043153
3	3.3723607
3	3.5917459
3	3.7185478
3	4.1197114
3	3.780325
3	3.1395674
3	1.6335032
3	1.6262312
3	1.3515961
3	1.8286715
3	1.9987156
3	3.2460673
3	3.50328
3	3.9037685
3	4.094763
3	3.701321
3	4.0522747
3	4.0336776
3	3.9304266
3	2.804504
3	3.5189292
3	2.4379764
3	3.0192885
3	4.2862062
3	4.142056
3	3.8379388
3	2.88276
3	2.9318452
3	4.0133667
3	3.6395307
3	3.928883
3	3.6481297
3	3.0363812
3	1.5358601
3	1.2628381
3	2.1598332
3	4.022512
3	4.1618786
3	1.6652226
3	2.2943344
3	3.8461347
3	4.377755
3	4.376024
3	4.168676
3	3.978527
3	3.4619982
3	4.168531
3	3.6904836
3	4.088026
3	3.9034693
3	2.7761693
3	3.3621335
3	3.6983247
3	3.5377886
3	2.3274913
3	2.9774847
3	3.4881744
3	3.4132042
3	3.5309827
3	3.9835365
3	3.457053
3	3.9274004
3	2.9781256
3	3.7674673
3	3.7304401
3	4.0413594
3	3.646682
3	3.6012611
3	3.8010497
3	3.9320874
3	2.0466597
3	4.118155
3	3.944232
3	3.7605138
3	3.3418293
3	4.04402
3	3.1527607
3	4.0157647
3	2.6906657
3	3.9707336
3	3.8278866
3	4.1269603
3	2.648291
3	4.2887125
3	3.7628083
3	3.891005
3	3.7850366
3	3.8967729
3	2.5355368
3	3.6023574
3	3.3352468
3	3.834381
3	2.5176573
3	3.8668299
3	3.6796937
3	1.4002669
3	3.9057631
3	3.4744034
3	3.917374
3	4.0931964
3	2.4417474
3	3.13942
3	2.28072
3	1.9215288
3	4.0175247
3	3.2600818
3	2.1293464
3	2.3423462
3	3.0448356
3	3.7292395
3	2.4965909
3	4.0022893
3	4.054297
3	3.611087
3	3.4976592
3	3.8697436
3	4.08112
3	4.1275735
3	3.9166493
3	4.3255463
3	4.0286827
3	4.0304885
3	2.942373
3	3.8745077
3	4.3414574
3	3.3562846
3	3.595306
3	4.2233896
3	3.7330747
3	4.184873
3	4.046497
3	4.183412
3	4.073651
3	4.38257
3	4.1652703
3	3.6722827
3	4.158389
3	3.5864978
3	4.236251
3	3.8293757
3	3.3822184
3	3.6359508
3	2.5096965
3	4.1596456
3	3.6443722
3	3.98368
3	3.8420148
3	3.9422185
3	1.8684368
3	2.3640893
3	2.3529975
3	2.6294508
3	3.7225192
3	3.7325575
3	3.3882809
3	2.3323944
3	4.132085
3	3.4845018
3	3.9511256
3	3.5964274
3	1.3207803
3	2.7531478
3	3.4652352
3	3.4048297
3	2.8122728
3	2.4734867
3	2.8168244
3	3.8459437
3	2.7439342
3	1.7489281
3	2.4552486
3	2.2051187
3	3.6542006
3	2.6489284
3	4.0972977
3	3.7855911
3	4.033247
3	3.7460694
3	3.7476625
3	4.1527624
3	3.5873194
3	3.6773748
3	3.5322177
3	3.4244657
3	2.674772
3	4.1821322
3	3.9888604
3	2.329258
3	3.7615876
3	3.9017878
3	3.8380063
3	3.618906
3	3.9576006
3	3.7565322
3	4.2025914
3	3.4183698
3	1.5372269
3	2.039375
3	2.9507754
3	1.5895996
3	4.00542
3	2.7655907
3	2.7704191
3	1.7216637
3	2.2571874
3	1.1905193
3	3.4600031
3	4.1550746
3	4.001469
3	3.458723
3	3.835873
3	3.8100023
3	4.1179695
3	3.657069
3	3.7800558
3	2.872595
3	4.0834613
3	2.0208697
3	3.090813
3	2.1196077
3	4.0280423
3	4.1362967
3	4.3610177
3	4.3157034
3	4.219289
3	4.0560517
3	3.6654656
3	3.6238708
3	2.166577
3	3.6551342
3	3.714688
3	2.993363
3	3.1798368
3	3.6308887
3	2.879579
3	3.364462
3	2.432515
3	3.94693
3	3.5087528
3	4.046552
3	3.8196905
3	4.010499
3	4.0884633
3	3.3251843
3	4.0430436
3	4.333928
3	3.971591
3	3.5093384
3	1.5688782
4	2.087355
4	2.851702
4	3.429119
4	3.927189
4	3.9099984
4	4.0089946
4	4.3152204
4	4.118979
4	4.268047
4	3.8195617
4	2.2518053
4	4.297562
4	4.114929
4	3.471698
4	3.5525355
4	3.8812156
4	2.3343792
4	2.4425464
4	1.8571243
4	3.7832365
4	2.916304
4	3.3416374
4	3.9781175
4	3.8830433
4	1.0880415
4	3.6191711
4	3.593462
4	3.5195312
4	3.1657035
4	3.6636217
4	3.8262548
4	4.087295
4	3.1772842
4	3.7976773
4	3.1514695
4	3.8501143
4	2.4625218
4	3.8340316
4	3.869842
4	3.4202523
4	3.4546633
4	3.9541428
4	3.6332355
4	3.7272289
4	4.1089215
4	3.5171356
4	3.5531297
4	3.3632407
4	2.158935
4	3.606268
4	1.5221648
4	4.1204963
4	3.582294
4	4.100878
4	4.1292553
4	4.132398
4	3.063388
4	3.7978146
4	3.9588056
4	4.0814877
4	3.4986784
4	4.15746
4	4.337244
4	3.9536693
4	1.702071
4	2.8952155
4	2.6816692
4	4.01884
4	3.9424963
4	2.5289402
4	2.6698654
4	4.1427884
4	3.772584
4	2.7667835
4	2.7382512
4	2.9349823
4	2.7586
4	2.5715775
4	4.0353956
4	2.5599854
4	3.7017233
4	4.051094
4	3.8698003
4	3.7589703
4	3.8625727
4	3.1529245
4	3.9799597
4	2.6890497
4	3.9126472
4	1.1099519
4	1.2673638
4	4.217408
4	4.114868
4	3.942731
4	4.0948844
4	3.3770456
4	4.297016
4	3.8276415
4	3.7270365
4	2.2969632
4	2.9384708
4	2.0042477
4	4.048581
4	3.2559323
4	2.8146012
4	3.8033493
4	3.660335
4	3.998758
4	1.9301286
4	2.3100822
4	4.360286
4	3.164904
4	3.6429029
4	3.69109
4	3.313508
4	2.9409275
4	4.3156295
4	2.6622741
4	4.2271895
4	4.104719
4	1.4183341
4	1.2792063
4	1.091747
4	1.0529392
4	4.1165385
4	4.0597672
4	3.6772435
4	3.0231566
4	4.1081657
4	4.1220436
4	2.3378048
4	3.7388654
4	4.0652246
4	3.9570143
4	3.8892686
4	3.9105525
4	3.2613387
4	4.0657616
4	3.0938907
4	3.8413775
4	3.7999716
4	3.6463852
4	2.2241437
4	1.4064333
4	4.0889616
4	3.7283955
4	3.862673
4	3.930218
4	3.9481235
4	3.0063002
4	3.8188407
4	3.9596863
4	3.2281876
4	4.09375
4	3.825467
4	2.1629493
4	1.0975275
4	3.24981
4	3.6737542
4	3.9596364
4	3.8006694
4	1.4691105
4	2.7745662
4	1.5203005
4	3.473553
4	2.0847507
4	3.7956045
4	3.123157
4	3.6630473
4	4.1177087
4	3.4121952
4	1.5412166
4	3.6563845
4	3.975142
4	4.189096
4	4.125231
4	3.9165587
4	4.079694
4	3.720257
4	4.021009
4	3.862415
4	3.6540184
4	4.000602
4	3.741373
4	4.0815053
4	3.664218
4	3.2683396
4	3.8503895
4	3.762125
4	4.1404314
4	3.8666193
4	3.2473936
4	1.7853515
4	3.172378
4	1.7465341
4	2.9378533
4	3.747572
4	3.6986814
4	3.9814513
4	3.797799
4	3.665145
4	3.534228
4	3.77394
4	3.2347627
4	1.24401
4	1.1674094
4	3.3750272
4	3.2017403
4	3.488852
4	2.4595878
4	2.638498
4	3.6621413
4	3.6221714
4	3.6529636
4	2.5464838
4	3.8293521
4	3.9864922
4	3.0481462
4	3.5751195
4	3.7751915
4	3.2900367
4	1.167012
4	2.8891106
4	4.2269406
4	3.4902673
4	3.125464
4	3.657109
4	2.740777
4	2.8937602
4	3.3574147
4	3.6540997
4	1.310709
4	1.0898094
4	1.1867073
4	3.61202
4	3.3274443
4	2.7989411
4	2.7660773
4	3.6947844
4	3.5813289
4	3.842682
4	3.5777848
4	3.5755298
4	3.4069386
4	3.0866141
4	3.140856
4	2.1514285
4	3.5324755
4	3.485178
4	3.6309185
4	3.9206862
4	4.020796
4	3.4197183
4	2.6748343
4	1.9436374
4	1.2930133
4	1.301862
4	2.6958504
4	2.838679
4	4.2961783
4	4.030707
4	3.7641695
4	2.938195
4	3.005091
4	3.7056985
4	2.554349
4	3.142391
4	3.4380429
4	1.824055
4	3.6750848
4	1.293731
4	2.5421803
4	2.852944
4	3.6871796
4	3.6373982
4	3.5673907
4	4.043764
4	3.8412151
4	1.9368722
4	2.108467
4	3.1864064
4	2.1572316
4	2.9942164
4	4.1635156
4	3.5522304
4	3.7513635
4	3.280135
4	4.212
4	3.3541713
4	2.0906792
4	1.9065022
4	4.0403132
4	3.6792595
4	3.7760682
4	2.933332
4	3.3651752
4	2.9057822
4	2.8348303
4	3.41408
4	3.9913993
4	3.9686491
4	4.1947656
4	4.1883016
4	3.008214
4	3.9420466
4	3.6117013
4	4.1550756
4	3.468789
4	4.1774306
4	3.957618
4	1.0211858
4	1.5580416
4	2.4696977
4	3.82411
4	2.4642031
4	3.0336747
4	3.5687962
4	3.9470232
4	3.787422
4	2.7934718
4	2.919815
4	1.0487747
4	1.0678151
4	3.9865139
4	3.6542048
4	3.3907628
4	3.6137486
4	3.7923932
4	3.1396892
4	3.2499762
4	3.5169325
4	3.252954
4	4.0520225
4	4.0959196
4	3.8247082
4	3.5895858
4	4.095603
4	3.9548893
4	3.7055383
4	3.987687
4	3.9485333
4	2.4897516
4	3.320497
4	3.7393632
4	3.5610795
4	4.086735
4	3.4026444
4	4.255523
4	3.8385634
4	2.9918053
4	3.1576848
4	3.353621
4	4.3330345
4	2.7030206
4	3.2470517
4	4.060542
4	3.6427703
4	3.943424
4	3.7118516
4	4.209383
4	3.4264195
4	3.3796043
4	4.2372427
4	4.04278
4	3.4473345
4	4.083283
4	4.1087418
4	1.2572999
4	4.2342224
4	4.022609
4	2.1148493
4	4.173948
4	1.2594355
4	1.0242052
4	0.7266454
4	4.1915727
4	3.9630666
4	4.2673216
4	4.2967176
4	4.0818033
4	3.3724804
4	3.9595175
4	4.2396
4	3.953095
4	1.5057535
4	1.2556902
4	1.6763384
4	4.2050443
4	4.0401907
4	3.438117
4	3.750508
4	3.2309027
4	3.9096136
4	2.6614785
4	3.395384
4	3.4110475
4	3.1416984
4	3.5030913
4	3.5599315
4	3.966918
4	3.3365598
4	3.8866296
4	1.3092237
4	1.3007817
4	3.3794074
4	2.9347672
4	3.65302
4	2.7831528
4	1.0553151
4	1.1004157
4	1.0230134
4	3.2373953
4	4.3019776
4	4.2924294
4	4.22099
4	2.9289317
4	4.3411884
4	3.992255
4	3.8812752
4	2.1522768
4	2.0872955
4	1.3814375
4	1.8739908
4	1.7588468
4	3.5178409
4	2.8452308
4	2.313317
4	3.8583014
4	3.906076
4	1.2358439
4	3.9001274
4	1.2902218
4	3.022926
4	2.7449913
4	1.2709746
4	3.8436248
4	3.6926575
4	3.412058
4	3.2590985
4	3.662037
4	3.1896365
4	3.364324
4	3.9843726
4	4.1076274
4	3.9059727
4	3.7872672
4	3.8799105
4	3.0201926
4	0.83300924
4	4.243209
4	3.0454106
4	3.71577
4	2.5445478
4	3.358251
4	4.2992096
4	3.8939948
4	3.2442725
4	2.3727643
4	1.1373565
4	3.9168398
4	1.3536946
4	1.5860295
4	1.5030158
4	3.426722
4	1.5448012
4	1.6697063
4	4.025845
5	3.0208342
5	3.2293456
5	3.9650726
5	4.1746635
5	3.8096592
5	2.3342686
5	3.8973966
5	3.8846374
5	3.7640076
5	3.824127
5	4.0868363
5	3.8126724
5	3.1899858
5	4.087504
5	4.064807
5	4.1025767
5	4.331271
5	3.3023458
5	3.8513656
5	3.2367578
5	0.7758731
5	1.1405811
5	4.0834846
5	3.6087704
5	3.8920932
5	3.5157166
5	3.9683862
5	4.118574
5	4.360734
5	3.6795077
5	1.6137824
5	3.5456443
5	1.6210938
5	1.1992819
5	2.9092185
5	3.0964587
5	3.7568376
5	3.5155292
5	3.819131
5	1.6989791
5	2.0984864
5	3.790329
5	3.1788864
5	3.5355887
5	1.3210218
5	0.9776219
5	0.9644263
5	3.9069061
5	3.9861276
5	3.971575
5	4.2178993
5	4.123854
5	3.8087707
5	1.2171564
5	3.1277468
5	4.349289
5	1.0558815
5	1.1694417
5	3.743998
5	3.177394
5	3.3729835
5	3.7040148
5	3.2027218
5	3.7028222
5	3.344271
5	1.519687
5	3.2871017
5	1.6658072
5	1.0414833
5	3.8251226
5	3.5777655
5	4.3481827
5	3.704095
5	0.70719683
5	0.6102103
5	2.3666513
5	2.9491024
5	0.99390143
5	0.9541018
5	1.0478799
5	3.3633862
5	3.5634387
5	4.0602126
5	3.0947988
5	3.5454988
5	3.4550722
5	4.023163
5	1.3419492
5	1.944699
5	1.2863874
5	3.8798246
5	3.8944268
5	3.5359263
5	3.83955
5	3.2806711
5	3.5363116
5	2.0447626
5	3.116897
5	2.8060837
5	3.90997
5	3.6804776
5	3.7364154
5	1.099165
5	1.4804783
5	1.6163728
5	3.2642877
5	3.9561396
5	3.4390106
5	2.5731652
5	3.4366739
5	4.116221
5	3.8323283
5	3.5323772
5	3.664062
5	4.1001863
5	3.6798608
5	2.1631021
5	3.5711598
5	2.2265618
5	2.2414334
5	3.8384748
5	3.4739366
5	3.875787
5	3.3595653
5	3.7516956
5	3.932603
5	3.9564219
5	3.7032232
5	3.2667441
5	2.7182078
5	3.63483
5	2.4092941
5	3.8542876
5	3.3739285
5	3.7691336
5	3.4538999
5	4.349816
5	3.5605338
5	4.2920094
5	4.1567755
5	3.6361365
5	4.0132313
5	3.2517443
5	3.9916587
5	1.3925405
5	1.374923
5	1.2125338
5	3.993452
5	3.5704954
5	4.3244753
5	3.7350225
5	2.1843963
5	3.9095652
5	4.2756233
5	3.938442
5	3.7688448
5	3.5112028
5	3.3570976
5	3.1481304
5	2.6692522
5	2.7637792
5	3.8094726
5	3.043484
5	3.9450226
5	3.2904203
5	4.0121264
5	3.5449905
5	3.1011608
5	3.4295611
5	2.8187754
5	4.066714
5	4.396511
5	3.4207478
5	4.325046
5	3.6832807
5	1.0572121
5	2.359627
5	1.163027
5	1.1082091
5	1.126938
5	1.5619085
5	4.1683583
5	3.2572832
5	3.363678
5	1.8324826
5	3.9291747
5	3.2576537
5	3.572514
5	3.2303634
5	3.3518229
5	1.8810875
5	2.3841476
5	4.232629
5	3.8789532
5	3.9747076
5	4.084919
5	3.286516
5	4.093663
5	3.29735
5	3.664967
5	2.9415197
5	4.1259875
5	1.5798876
5	3.8938646
5	3.1291003
5	3.9356873
5	3.8305595
5	3.9125078
5	3.5676084
5	3.746727
5	4.2539234
5	3.3490596
5	4.2326927
5	4.0797534
5	2.5287817
5	3.4173918
5	3.9189246
5	3.7773473
5	3.0022798
5	3.6725974
5	3.4517794
5	2.8995578
5	1.9488974
5	1.137537
5	4.038323
5	4.21364
5	4.2694573
5	4.2014184
5	4.1665587
5	4.1308365
5	3.4500082
5	2.0191672
5	1.3095694
5	4.0439606
5	0.95663565
5	3.637519
5	3.087131
5	4.0732956
5	2.674964
5	3.918721
5	3.2116766
5	2.8856108
5	3.2871013
5	4.046345
5	3.478796
5	3.3128
5	4.008966
5	2.151876
5	3.02977
5	2.9733973
5	3.535491
5	3.4685698
5	1.4211833
5	2.038878
5	2.1928504
5	1.4158672
5	1.9518096
5	3.7966852
5	3.9399002
5	3.9485228
5	4.2804427
5	3.3527172
5	3.3756049
5	3.5078175
5	3.7110164
5	1.5616581
5	2.7997408
5	2.5569851
5	1.516165
5	3.7919793
5	3.6440876
5	3.836134
5	4.0961323
5	4.317032
5	3.9963646
5	3.724768
5	3.8563182
5	3.7108793
5	3.6486318
5	3.4487972
5	4.2262745
5	4.0721793
5	2.3264904
5	1.3143778
5	2.5242262
5	1.2151461
5	3.6138673
5	3.9129949
5	4.0425553
5	3.9818707
5	3.9587324
5	3.8266582
5	3.6522717
5	3.6035795
5	4.2298326
5	3.5048208
5	2.5584962
5	4.3535156
5	3.465331
5	3.7274752
5	3.8743594
5	3.001805
5	3.5495856
5	3.1666613
5	2.026261
5	3.837821
5	3.561793
5	4.0151043
5	3.9050713
5	3.2007637
5	4.016851
5	3.7713516
5	3.9913871
5	3.8553698
5	3.8810594
5	3.961203
5	3.8598888
5	3.2048755
5	4.3401737
5	3.4838295
5	3.055191
5	3.5713234
5	3.5494258
5	2.8716664
5	1.673877
5	1.5026916
5	3.648193
5	4.053265
5	4.052364
5	2.7793236
5	4.0250554
5	3.658376
5	2.8777637
5	3.5763235
5	3.476029
5	3.2164416
5	3.6608365
5	3.8426838
5	3.912006
5	4.1032786
5	3.2827253
5	3.9488835
5	3.445411
5	1.2737992
5	2.976243
5	2.7460914
5	3.794922
5	1.2891488
5	2.5373178
5	3.7719388
5	4.286159
5	0.9623152
5	2.2833323
5	3.2272658
5	2.884503
5	1.7013671
5	2.3130283
5	1.9637074
5	2.8953323
5	1.9170485
5	3.7025838
5	1.6464405
5	3.2933476
5	1.145212
5	3.582594
5	3.6791682
5	3.6390262
5	3.8061254
5	3.9209986
5	3.8172467
5	1.883971
5	1.5121747
5	1.159383
5	1.829982
5	3.6908057
5	4.1168747
5	2.749454
5	3.3616135
5	4.0360394
5	1.4334859
5	3.3551307
5	3.7739952
5	1.8790739
5	1.028688
5	1.297724
5	1.3741872
5	3.7592683
5	3.4786413
5	1.1335253
5	0.98119617
5	2.706308
5	3.8732934
5	4.206572
5	3.9128914
5	3.8224018
5	4.2229714
5	3.4343371
5	1.3276939
5	2.208649
5	3.5597615
5	4.0394998
5	3.038701
5	4.1968
5	4.165863
5	4.2331295
5	3.8277814
5	4.1807523
5	3.890257
5	4.0725126
5	4.155404
5	4.2366304
5	3.4861317
5	3.1589396
5	4.044333
5	4.208501
5	4.2178297
5	4.2167215
5	4.2457066
5	4.214827
5	4.1643834
5	1.0760686
5	2.1903348
5	1.6617076
5	4.0967374
5	3.6732683
5	2.6924968
5	3.600138
5	3.72886
5	3.2285497
5	3.7195745
5	1.2651634
5	4.27886
5	3.632167
5	1.9916608
5	3.2764087
5	3.5960228
5	3.0600116
5	1.7443466
5	3.995451
5	4.1147175
5	3.9983864
5	3.9680448
5	3.4685469
5	3.9961376
5	3.111876
5	3.8984933
5	1.1724339
5	2.032048
5	3.7726688
5	1.1994519
5	3.653976
5	4.209823
5	3.889286
5	3.4841723
5	3.075221
5	3.8556721
5	2.6401722
5	3.9773355
5	1.7310996
5	3.3916748
5	1.5642967
5	4.162901
5	4.084216
5	2.6035206
5	3.0568376
5	1.9403527
5	3.9590867
5	4.11488
5	3.2848582
5	4.2714353
5	3.901443
5	4.22917
5	4.105403
5	4.26176
6	4.228015
6	4.3816237
6	3.3392718
6	4.321985
6	2.6039941
6	3.139672
6	2.2712994
6	3.2458873
6	3.0347013
6	3.8762245
6	2.665701
6	3.9316
6	3.9040952
6	3.9078445
6	3.9301164
6	3.5743396
6	3.3398838
6	3.6004257
6	3.2870023
6	4.1027374
6	4.179045
6	3.6095672
6	2.1252882
6	2.678896
6	1.5883665
6	3.145531
6	2.697266
6	3.943384
6	3.6381578
6	2.8753357
6	3.0543141
6	3.9942575
6	3.5458581
6	3.6133337
6	4.119708
6	3.596171
6	1.8381119
6	2.8804457
6	2.5507557
6	2.5977554
6	3.921284
6	4.0291214
6	3.4486933
6	3.574973
6	3.9476118
6	3.898972
6	3.8280973
6	4.262035
6	4.165026
6	3.6844208
6	4.012846
6	3.7847714
6	3.5522022
6	3.6668978
6	3.7471147
6	3.6986206
6	3.7800264
6	4.11488
6	4.102542
6	4.0892553
6	3.4580457
6	3.211516
6	4.1670547
6	4.081151
6	4.3230605
6	3.6341426
6	4.358752
6	3.1806316
6	3.928698
6	4.048203
6	2.6816528
6	2.6726468
6	3.6908197
6	3.956092
6	2.2025445
6	1.4625878
6	2.3481832
6	1.5535014
6	1.713254
6	4.163473
6	4.0239697
6	3.3121133
6	3.9082015
6	3.8819609
6	4.142787
6	4.1681767
6	3.7389736
6	3.5037906
6	2.9473684
6	4.1977286
6	4.0684357
6	4.03246
6	3.7610252
6	2.6546483
6	4.2454367
6	3.4308147
6	2.2978415
6	3.3991199
6	3.9603708
6	3.474586
6	3.9979064
6	3.644635
6	3.2540889
6	3.7735786
6	3.5701795
6	3.5904047
6	3.6120653
6	4.11616
6	3.1354423
6	3.9019206
6	3.7741642
6	4.1892886
6	3.52648
6	2.9014072
6	2.9063582
6	4.1382017
6	3.8292496
6	4.013442
6	4.1521564
6	4.099403
6	3.5293865
6	3.59895
6	4.089934
6	3.6362424
6	3.841
6	4.211128
6	4.0714207
6	3.5693002
6	4.2156625
6	3.8870993
6	3.6908872
6	3.6509705
6	2.655091
6	3.473289
6	4.1274724
6	4.0352235
6	4.0432587
6	3.7550771
6	3.9193501
6	3.113917
6	4.035094
6	3.124594
6	3.4897194
6	3.7175074
6	2.2614872
6	1.8422403
6	1.4379299
6	2.8071752
6	2.6266658
6	3.5368829
6	3.606626
6	3.662615
6	4.1505427
6	3.0790362
6	3.546152
6	3.7542827
6	3.7609997
6	2.50794
6	3.4771144
6	3.6735632
6	3.8829885
6	3.4307308
6	4.018189
6	3.4961913
6	3.8005357
6	3.9959452
6	3.9693336
6	4.162363
6	4.240469
6	4.115298
6	3.4613788
6	3.1139545
6	3.99361
6	3.813882
6	2.0546873
6	3.1614685
6	2.970698
6	2.8603296
6	3.2588387
6	1.3297281
6	3.9620438
6	3.7549934
6	1.6964078
6	1.8120196
6	3.575957
6	4.1905284
6	4.1145515
6	4.130516
6	4.175379
6	1.7526379
6	4.0715504
6	3.7300525
6	1.9930587
6	3.5032828
6	2.3485043
6	3.7576742
6	3.9858258
6	3.7847233
6	3.6138556
6	3.1955101
6	3.6939201
6	3.9934947
6	3.8383741
6	3.110909
6	2.465715
6	2.5672765
6	2.4535048
6	4.150364
6	3.569664
6	3.856721
6	3.9064157
6	3.5491824
6	3.052278
6	3.0835786
6	4.181483
6	2.926739
6	3.5531764
6	3.5000577
6	3.466171
6	4.063449
6	3.5424347
6	4.0396447
6	3.621791
6	2.443364
6	2.9555087
6	3.2144659
6	3.2072303
6	3.839737
6	3.5256326
6	3.3323169
6	3.202825
6	3.7271192
6	4.048401
6	3.9608345
6	3.919509
6	3.6299064
6	3.9907243
6	4.4141326
6	4.3760037
6	2.2694337
6	2.24397
6	2.9168098
6	2.9794364
6	3.2289336
6	2.0995643
6	1.6967266
6	2.6376777
6	1.2946582
6	1.9310117
6	3.524159
6	3.7475307
6	3.9387178
6	3.2089627
6	3.8544452
6	4.17756
6	4.1049085
6	1.7717893
6	3.7450125
6	3.6445107
6	3.407711
6	4.034959
6	3.7142563
6	3.9653752
6	4.083417
6	4.1020613
6	4.0706115
6	4.127891
6	3.4465048
6	4.1215434
6	3.5840201
6	3.954988
6	4.1435575
6	3.8547616
6	3.3919828
6	2.4372318
6	2.4624527
6	2.0444634
6	4.0850267
6	2.7273498
6	1.8738551
6	3.1207569
6	3.038987
6	3.7592826
6	3.0652273
6	2.0444186
6	4.282203
6	4.2546744
6	3.8345351
6	3.504069
6	4.161686
6	4.1386333
6	3.4136267
6	3.2586913
6	4.047637
6	3.6778193
6	4.115096
6	3.5246553
6	3.970217
6	3.3324227
6	3.3504367
6	3.3318243
6	3.394514
6	3.4057174
6	3.6471577
6	3.7233722
6	3.1436198
6	4.094644
6	1.5905948
6	4.144429
6	3.8956304
6	4.1971054
6	4.416676
6	4.22402
6	2.4357774
6	4.049742
6	3.7005858
6	3.5699906
6	1.9129345
6	1.9625828
6	4.0911827
6	3.287459
6	3.7110004
6	3.942488
6	3.1582887
6	1.7483759
6	2.876041
6	3.8439698
6	3.4110937
6	2.9323888
6	4.1717653
6	4.230775
6	2.6305923
6	4.304281
6	4.3163404
6	4.288861
6	4.2464437
6	2.5959754
6	3.9065905
6	3.493772
6	3.6463895
6	3.9270363
6	3.9916055
6	3.7887008
6	2.5204704
6	2.9013686
6	2.2094877
6	1.6559792
6	2.7773685
6	3.1250868
6	3.2670512
6	3.7699668
6	3.9661264
6	3.6238952
6	3.8175097
6	3.800456
6	3.8124642
6	3.0682316
6	2.7516735
6	3.9634695
6	4.1095276
6	3.3038726
6	4.142546
6	3.093496
6	3.470765
6	3.7973952
6	3.52386
6	3.813624
6	3.8706105
6	2.8205805
6	3.738383
6	3.8130524
6	3.9894454
6	4.04805
6	2.720499
6	2.5640194
6	2.4864829
6	3.5382648
6	3.945125
6	3.3938646
6	2.7011461
6	2.7642934
6	2.5952759
6	3.2015932
6	3.1457727
6	3.8293357
6	3.4756365
6	3.5771947
6	3.532277
6	2.5995035
6	4.034971
6	3.1614141
6	1.9294002
6	3.5397801
6	2.18107
6	1.9363027
6	3.218183
6	3.9798937
6	3.7535887
6	3.6549368
6	4.012422
6	4.096196
6	2.9359057
6	4.034853
6	3.4513721
6	4.2212906
6	3.7419763
6	4.1141133
6	4.3056073
6	3.511646
6	3.1484303
6	3.2922544
6	3.2875814
6	3.6338346
6	4.090992
6	3.4294667
6	3.8767626
6	1.652298
6	1.423126
6	2.594184
6	4.11834
6	4.0910597
6	3.7530808
6	3.7897434
6	3.3900714
6	3.9640322
6	4.04404
6	4.059552
6	3.695741
6	4.012619
6	3.762226
6	3.7170806
6	3.637489
6	3.2153835
6	4.144203
6	3.8618069
6	3.7074182
6	3.5048256
6	3.1129987
6	3.1990218
6	4.1173553
6	3.8010511
6	4.187983
6	3.9635272
6	4.215782
6	4.0204816
6	4.159707
6	3.9915128
6	3.951098
6	3.5898452
6	4.3587794
6	3.5979583
6	4.2121773
6	3.0376296
6	3.8342764
6	3.8309937
6	3.8184562
6	2.3442552
6	3.867423
6	4.0880322
6	4.0226865
6	3.8538585
6	3.4348173
6	4.060513
6	4.208566
6	4.048076
6	3.3275433
6	3.2715616
6	2.5673141
6	2.8790429
6	2.8799396
6	3.915017
6	3.31217
6	2.3310523
6	1.7941751
6	2.9428265
6	2.016256
6	3.7907457
6	2.991191
6	2.7564857
6	2.509138
6	3.554172
6	2.7341213
6	3.6288428
6	3.639493
6	3.6672108
6	2.8096652
6	3.101457
6	3.2914805
6	2.9992306
6	3.994377
6	3.7941475
6	3.1752849
6	4.288037
7	3.5379896
7	3.8162897
7	3.3849726
7	3.8445616
7	3.907897
7	3.7735279
7	3.7320242
7	1.2333579
7	1.0339675
7	3.7413552
7	2.6587806
7	1.1733183
7	2.490856
7	2.2964125
7	2.16498
7	2.894633
7	2.55793
7	4.3653483
7	3.328971
7	3.3215413
7	3.79143
7	3.744069
7	4.0439095
7	4.1451397
7	3.8733244
7	4.1567445
7	3.5561528
7	3.6441655
7	2.2427976
7	4.265462
7	4.1636295
7	4.2229304
7	3.6406434
7	3.5291693
7	4.131496
7	2.1102004
7	2.6974678
7	2.3612974
7	2.4315302
7	4.0879564
7	4.1047344
7	3.1760776
7	1.4374886
7	3.955955
7	2.9060202
7	4.394447
7	3.9713545
7	3.9237933
7	2.255559
7	4.1395025
7	2.665179
7	3.7231865
7	4.260922
7	3.0682192
7	3.7157345
7	3.5635517
7	2.514599
7	4.2267694
7	3.242918
7	3.7529886
7	2.7645116
7	4.131652
7	3.7892923
7	3.9441195
7	3.883212
7	4.1966133
7	3.3811684
7	3.865436
7	3.4861994
7	2.8828545
7	3.2330098
7	4.09074
7	3.477789
7	3.685019
7	3.8719733
7	3.7310722
7	3.8344603
7	3.1127722
7	4.1785073
7	3.9263546
7	3.6327977
7	2.8638432
7	3.7801917
7	3.813715
7	3.9099114
7	3.901078
7	3.3594303
7	3.756022
7	3.4536114
7	3.0482786
7	3.8339565
7	3.3992348
7	4.20922
7	4.221561
7	4.162017
7	4.011443
7	3.619753
7	3.903276
7	3.622906
7	3.828
7	3.7374365
7	3.8955302
7	3.7073529
7	3.7830248
7	3.4351048
7	2.6127648
7	2.7987452
7	2.716086
7	2.3738046
7	2.763087
7	3.4525123
7	3.8422685
7	4.1668205
7	2.3385317
7	2.2860072
7	2.3656833
7	2.2020574
7	3.868781
7	3.472959
7	3.5117393
7	3.2376685
7	3.738018
7	4.04893
7	3.8969388
7	3.8802302
7	3.5573645
7	3.901411
7	3.957252
7	3.1265402
7	3.6462588
7	3.8358846
7	3.7818527
7	3.663147
7	3.656479
7	3.8487039
7	3.562242
7	3.6478794
7	3.9252052
7	3.2681308
7	3.8407886
7	3.1248784
7	3.7684977
7	3.8040318
7	3.5086079
7	3.358192
7	4.080727
7	3.3445826
7	3.967247
7	4.0197535
7	3.375133
7	3.7865605
7	3.7370782
7	3.9552252
7	3.920724
7	4.0445123
7	3.2161167
7	3.670381
7	4.0938697
7	2.7934432
7	2.7247362
7	3.3556747
7	4.051858
7	4.238444
7	3.5218089
7	3.5013876
7	2.01481
7	2.2167976
7	3.7387226
7	3.4466696
7	3.4606586
7	3.2811852
7	3.509963
7	3.8199935
7	4.1660023
7	4.295411
7	3.712844
7	3.8721657
7	3.6945834
7	3.737639
7	3.3612478
7	3.9704862
7	3.8869376
7	3.9389963
7	3.8007016
7	3.8616798
7	3.201425
7	2.9129934
7	2.1107235
7	2.7064407
7	3.8741298
7	3.6548824
7	3.7289097
7	3.6816134
7	3.955554
7	3.6184316
7	3.9934247
7	2.9237459
7	3.3530326
7	4.0925794
7	2.916061
7	3.9796743
7	2.7663558
7	3.6946292
7	3.6658525
7	2.8382897
7	3.9578795
7	3.9671478
7	2.602147
7	2.7136152
7	4.0339313
7	2.751088
7	4.1193194
7	3.6774416
7	3.5757623
7	3.0241418
7	3.91601
7	3.9613879
7	4.036175
7	3.903664
7	3.4631038
7	3.2045262
7	3.5897532
7	3.289944
7	3.8217006
7	3.8222914
7	3.8909311
7	3.4618587
7	4.310849
7	3.6095583
7	4.0333643
7	4.1119723
7	3.6441793
7	3.4813046
7	3.421381
7	3.4144492
7	2.7493682
7	3.6620479
7	3.811252
7	3.5653028
7	4.036293
7	3.5506845
7	2.2499685
7	3.1866522
7	3.4334152
7	3.5719612
7	3.7000585
7	1.9382486
7	4.089131
7	1.9454136
7	3.9780366
7	3.9953113
7	4.4360538
7	4.2184124
7	3.788262
7	3.2963426
7	3.8708248
7	3.800159
7	3.4353638
7	3.9982357
7	3.9190998
7	4.0785522
7	4.178503
7	3.721558
7	4.008421
7	4.24747
7	3.6390195
7	3.603463
7	3.5394354
7	2.2332137
7	4.050521
7	4.212759
7	3.9794598
7	3.9083338
7	4.366488
7	4.483405
7	3.9586496
7	2.346717
7	2.4907205
7	2.790615
7	2.9144819
7	3.7221696
7	4.1804075
7	3.5304964
7	2.4578743
7	3.138628
7	3.5884607
7	3.4300008
7	3.6009731
7	3.5938005
7	4.0878425
7	4.033798
7	2.909234
7	2.8934848
7	2.3315017
7	4.11004
7	4.3219433
7	4.159875
7	3.360417
7	4.2248254
7	3.8685837
7	4.218194
7	3.5209055
7	1.4875695
7	2.1605492
7	3.765483
7	3.9228868
7	3.5014253
7	3.971937
7	3.6455417
7	3.1899457
7	3.8162372
7	3.735656
7	3.758833
7	3.9588168
7	3.7636194
7	3.1243725
7	2.787364
7	3.8194728
7	3.852827
7	3.4607463
7	4.0948915
7	3.939684
7	4.0364637
7	4.0545454
7	3.865006
7	2.7886992
7	3.746138
7	3.8847613
7	3.5358229
7	3.4917066
7	3.4690378
7	3.8016849
7	3.5133853
7	3.888288
7	3.8686228
7	3.6349254
7	3.5064225
7	3.7202783
7	3.7347565
7	3.890044
7	4.1926656
7	3.1337438
7	4.0108156
7	3.9778097
7	1.9121685
7	3.1214101
7	2.922511
7	3.7099843
7	3.175815
7	3.8771844
7	3.2996435
7	3.5565472
7	2.6434684
7	3.274304
7	3.4477572
7	3.329125
7	2.0326548
7	2.9987407
7	3.7252407
7	3.8091378
7	3.5974684
7	2.26249
7	1.822933
7	4.0069695
7	4.2142906
7	3.7751045
7	3.3803449
7	3.706555
7	3.9782379
7	3.5924525
7	2.972704
7	3.6463943
7	3.906177
7	1.7976058
7	3.8594887
7	3.7996864
7	3.5174656
7	3.8568978
7	3.6934695
7	4.1768146
7	1.8528004
7	2.380553
7	4.1503644
7	4.0865345
7	3.2629764
7	3.44449
7	3.6036725
7	2.575341
7	4.057704
7	3.880011
7	4.146845
7	4.276145
7	4.0812387
7	4.1642413
7	3.630353
7	3.5365672
7	4.2997103
7	4.029941
7	4.1938677
7	3.7426066
7	4.0893826
7	3.2914891
7	3.9354546
7	3.9384954
7	2.9726079
7	3.5688586
7	4.054034
7	3.7499058
7	4.3294244
7	3.825914
7	3.6729774
7	3.6493826
7	2.351219
7	2.9031062
7	2.1831305
7	3.6564496
7	2.902919
7	3.9112122
7	3.8128033
7	3.84753
7	4.0411477
7	4.2324276
7	4.2339005
7	4.2789936
7	3.9179528
7	3.567617
7	4.0596614
7	3.8110104
7	3.6074739
7	3.8640594
7	3.9897943
7	3.7934995
7	3.9923787
7	4.086944
7	4.0257907
7	4.0887933
7	3.7586246
7	4.0912023
7	3.9250584
7	4.0043864
7	3.9427178
7	3.5950503
7	3.7838047
7	3.8592448
7	4.0811853
7	3.1013222
7	2.6331704
7	3.6704662
7	4.2392306
7	2.4771285
7	3.554078
7	2.4518225
7	2.932497
7	3.352458
7	3.7079558
7	3.6403394
7	3.5043278
7	3.6348748
7	3.446068
7	3.4353294
7	3.791554
7	3.4191947
7	3.5539863
7	3.1361208
7	3.5987647
7	3.5482445
7	2.908368
7	3.9479854
7	3.5820827
7	2.4290748
7	4.248533
7	3.1001015
7	3.5823207
7	2.8474722
7	2.6067748
7	2.6522927
7	2.2914112
7	2.7242007
7	3.8992858
7	3.86351
7	4.097712
7	3.0098908
7	3.9730296
7	3.4450603
7	3.193808
7	3.1783063
7	2.952925
7	3.8147264
7	3.332283
7	3.9930456
7	2.078431
7	2.5681834
7	3.8882594
7	3.9880366
7	3.9925215
7	3.500272
7	4.1353602
7	3.9608817
7	4.2973742
7	3.973101
7	1.222428
7	4.1909227
7	3.8912945
7	4.059579
8	3.7118864
8	3.4795616
8	4.3008122
8	4.346668
8	1.9614058
8	3.4535122
8	3.4954896
8	4.0669694
8	3.3511004
8	3.7152662
8	4.1144667
8	4.1844215
8	3.8256114
8	3.341775
8	3.8130293
8	3.7600508
8	2.894299
8	4.0781198
8	4.090207
8	3.4568615
8	4.026778
8	3.1943984
8	3.892312
8	3.6326156
8	3.6001449
8	3.4451306
8	4.028015
8	4.1569266
8	4.011762
8	3.8394656
8	4.0956664
8	4.061706
8	4.2699265
8	2.2484667
8	2.3162007
8	2.26124
8	3.8238006
8	3.72922
8	4.1494026
8	4.1799827
8	3.8542378
8	3.862133
8	4.060806
8	3.40534
8	3.9049196
8	3.6747463
8	3.0671751
8	3.7410417
8	3.8806348
8	2.8981066
8	3.8641162
8	3.7931526
8	4.2106767
8	3.4928107
8	3.9934182
8	4.082546
8	3.2106886
8	3.172264
8	3.8746932
8	1.9019258
8	1.2999971
8	1.7999768
8	2.329408
8	1.2931404
8	4.186827
8	2.6278536
8	3.4628668
8	4.1668644
8	4.306948
8	4.0424123
8	4.0509596
8	4.2270894
8	3.8957028
8	3.3998103
8	3.8727283
8	3.3061361
8	3.7657094
8	3.827645
8	3.3406513
8	3.6088517
8	2.7663984
8	3.6893058
8	4.1972027
8	3.9466772
8	4.098545
8	4.0305524
8	4.072939
8	4.252131
8	3.437913
8	4.025166
8	4.2949786
8	3.7640064
8	3.5978582
8	3.842434
8	4.153715
8	3.3245196
8	3.2665687
8	3.2959328
8	3.3533993
8	2.8117006
8	2.9239266
8	3.860343
8	4.0764847
8	3.9816873
8	3.2599335
8	3.704258
8	4.239256
8	4.126493
8	2.5415764
8	3.8133264
8	4.0947356
8	3.246561
8	3.5004506
8	4.2577057
8	3.976535
8	4.0004907
8	4.043023
8	4.145188
8	3.927606
8	3.9343493
8	3.9153755
8	3.4439569
8	3.1518269
8	2.9118
8	3.1061654
8	2.5578024
8	3.272865
8	3.8006155
8	3.7782016
8	3.1692898
8	3.3624325
8	3.6498668
8	3.7669954
8	3.5503821
8	3.8255467
8	3.535277
8	3.535446
8	2.8625536
8	3.2263057
8	4.2939477
8	4.2390623
8	4.113267
8	4.1466017
8	3.8270469
8	2.3397374
8	2.91017
8	2.5822167
8	2.7586265
8	4.22241
8	3.7333694
8	3.9067705
8	3.9334388
8	3.5638285
8	4.3133
8	4.177578
8	2.4638891
8	4.0173917
8	2.2461421
8	4.164699
8	3.93506
8	4.301374
8	3.4603577
8	3.311294
8	4.1280885
8	4.03957
8	4.137147
8	2.2580378
8	2.4294755
8	3.8059874
8	2.2366102
8	2.293911
8	3.1495218
8	3.0285053
8	3.8392358
8	3.8952115
8	2.803318
8	3.994694
8	3.1068907
8	4.230102
8	4.003298
8	3.8812718
8	3.6325176
8	2.7776809
8	4.002005
8	3.4495723
8	3.6666842
8	4.1592646
8	3.096521
8	3.4913614
8	4.1065784
8	3.453059
8	3.8099508
8	3.7772737
8	4.1288724
8	4.2463255
8	4.0126553
8	4.256035
8	3.474319
8	3.7400284
8	4.170259
8	3.8802037
8	3.1452177
8	3.8403826
8	3.5242057
8	3.4428835
8	3.9724612
8	4.28038
8	4.2558327
8	3.5912285
8	4.039715
8	3.9543896
8	3.7267919
8	4.0052032
8	4.007543
8	3.8483326
8	3.9879124
8	3.8412337
8	3.3318257
8	4.1573386
8	3.7385223
8	3.0025015
8	3.8193507
8	3.3261955
8	3.78759
8	3.6279817
8	3.6283119
8	3.821717
8	3.0289526
8	3.035636
8	3.4646957
8	3.5984602
8	4.1673875
8	4.0942926
8	4.03771
8	3.4334993
8	1.9567456
8	3.4525056
8	3.7855854
8	4.0764647
8	4.321662
8	3.51855
8	3.9741306
8	3.8210673
8	4.3216443
8	3.6629272
8	2.535184
8	2.8537352
8	4.3598814
8	3.9146147
8	4.2792635
8	1.9477091
8	3.2507527
8	2.0636346
8	2.846989
8	3.820716
8	3.6891193
8	3.6401403
8	3.6841614
8	3.6348922
8	3.908711
8	3.166816
8	3.5773861
8	3.8754387
8	3.898866
8	3.57031
8	3.6070657
8	4.2235255
8	3.5420098
8	3.7732882
8	2.695009
8	1.894819
8	3.4674492
8	4.062101
8	4.030657
8	3.7800143
8	3.698388
8	4.026753
8	4.1236415
8	4.1642814
8	3.7373898
8	4.0771976
8	3.6677537
8	3.9518874
8	3.8957293
8	3.7060506
8	3.943571
8	3.9728837
8	3.7461977
8	3.42741
8	3.2117853
8	3.1222143
8	2.9794648
8	3.984056
8	3.1975703
8	3.5802283
8	3.263459
8	3.8560276
8	3.7439134
8	3.409291
8	4.2755537
8	3.121634
8	3.3598852
8	2.921191
8	3.8568327
8	3.8949368
8	3.159408
8	4.001955
8	4.010613
8	3.6317964
8	3.9885674
8	3.747677
8	3.6954632
8	3.8811994
8	4.149773
8	3.9343934
8	4.2256746
8	3.974833
8	2.156242
8	3.8907504
8	3.3405657
8	3.7877343
8	3.801835
8	3.0987196
8	2.9862487
8	3.5449471
8	3.013311
8	3.4887857
8	3.9069781
8	3.5728805
8	2.9486187
8	3.9926736
8	4.042088
8	4.283919
8	4.2452197
8	4.013703
8	3.9782765
8	3.9460285
8	3.834232
8	3.6572309
8	3.6940732
8	3.6379063
8	3.9028964
8	3.0589683
8	3.7197452
8	3.9173489
8	3.733953
8	3.0326154
8	3.4000967
8	4.039814
8	4.1287613
8	3.7293334
8	3.7911549
8	3.935317
8	3.5921783
8	2.663065
8	2.1839576
8	3.1561189
8	3.7709312
8	3.6262693
8	1.8108709
8	1.8357644
8	2.0206125
8	2.2262459
8	3.5503607
8	3.722519
8	3.6380363
8	3.8790107
8	3.8951564
8	3.8549016
8	3.994801
8	3.7556026
8	3.884738
8	3.3580313
8	3.7269604
8	3.7782435
8	3.901587
8	3.8471518
8	3.5127206
8	3.5934577
8	4.035819
8	3.607188
8	3.6367583
8	3.604352
8	3.4690661
8	3.847409
8	3.6924062
8	1.9353087
8	3.0488482
8	4.154043
8	4.3025355
8	3.1900213
8	3.9867144
8	4.1552978
8	3.74382
8	4.182379
8	4.1656075
8	3.8911524
8	4.168248
8	3.6425433
8	3.798103
8	3.6970842
8	2.7423294
8	3.794621
8	3.8774
8	3.8521647
8	3.8992286
8	3.988154
8	3.63044
8	4.1274314
8	3.3850853
8	3.3235168
8	2.073002
8	3.9463816
8	3.8211741
8	3.7530887
8	3.8439903
8	3.4351401
8	3.9494047
8	2.803409
8	3.5721967
8	4.0772643
8	3.8595386
8	3.3849297
8	3.1368785
8	4.3301253
8	4.416702
8	3.9238145
8	3.3839753
8	1.5240707
8	3.0849957
8	2.6698875
8	3.8647656
8	3.6053705
8	3.2066689
8	3.1502776
8	3.9314137
8	4.1454597
8	4.2013545
8	4.078043
8	4.0520287
8	3.9327316
8	3.9685545
8	3.3265855
8	4.088187
8	3.77593
8	3.9617853
8	4.291167
8	4.129796
8	4.2596755
8	3.144919
8	4.1316166
8	3.0783186
8	1.0962695
8	2.2196243
8	3.7238603
8	0.8034025
8	1.3848467
8	3.1953244
8	3.1361625
8	3.346537
8	1.874469
8	1.61287
8	1.8804584
8	1.7154946
8	4.038534
8	4.1755867
8	3.9335136
8	3.4420054
8	2.5899315
8	3.9406366
8	4.1784234
8	3.8344703
8	3.4647543
8	3.6552715
8	3.799116
8	3.7091904
8	3.8098607
8	3.2393527
8	3.7136927
8	1.9846904
8	4.136806
8	3.2166014
8	2.2526457
8	3.0285006
8	3.6763535
8	3.8654654
8	4.2661867
8	4.189387
8	3.7885146
8	3.2900205
8	3.836176
8	3.1425571
8	3.8735514
8	3.066675
8	3.9985418
8	3.825392
8	3.646328
8	3.5806007
8	3.8535259
8	2.7938778
8	3.6524034
8	3.493216
8	3.5214353
8	3.2533503
8	3.5240989
8	3.9475691
8	3.5861924
8	3.0115824
8	4.277017
8	3.9374251
8	4.119589
8	4.2960377
8	3.917763
8	4.101174
8	4.037894
8	3.9062128
9	3.1832414
9	3.2276359
9	4.233541
9	3.7593548
9	3.904146
9	3.6084397
9	3.511948
9	3.6067903
9	4.0493035
9	3.533597
9	3.9989865
9	3.123425
9	3.7894282
9	3.886186
9	3.9021292
9	3.4371214
9	3.4689972
9	3.9205024
9	4.315987
9	3.07413
9	3.79244
9	3.463604
9	3.5551367
9	4.032044
9	3.6812844
9	3.9583018
9	3.004617
9	3.825137
9	3.357581
9	4.0068817
9	2.967958
9	4.144084
9	3.6655304
9	3.8848417
9	3.2681398
9	3.8842332
9	3.8661222
9	3.9722602
9	2.335689
9	3.686295
9	3.7851744
9	3.4406347
9	2.1796722
9	1.9670963
9	2.0680177
9	3.1797905
9	3.6336389
9	3.5382605
9	2.0023553
9	1.9521646
9	3.3538907
9	3.709599
9	3.2701592
9	3.6308722
9	3.1328948
9	3.3688295
9	3.5165846
9	3.8657017
9	3.923934
9	3.066917
9	2.4308739
9	2.2759101
9	3.7600975
9	3.35548
9	3.906066
9	4.1034474
9	3.5690088
9	4.122713
9	3.9143715
9	3.8107681
9	2.8135805
9	2.1214619
9	4.236171
9	4.0022345
9	3.145051
9	3.3632252
9	3.3540785
9	2.1543348
9	4.198629
9	3.784845
9	3.8144524
9	2.067161
9	3.832206
9	2.9146776
9	3.4679723
9	3.3695889
9	3.6627202
9	3.659318
9	3.2830136
9	3.4455943
9	3.538702
9	4.2431626
9	3.072383
9	3.3116388
9	2.9874637
9	3.9992583
9	4.1987076
9	4.1413
9	4.1734643
9	4.239089
9	3.644009
9	4.1565638
9	3.5888395
9	4.006352
9	3.9985275
9	3.9206982
9	4.1224885
9	3.6318152
9	3.8626761
9	2.9315562
9	3.2341697
9	4.1179376
9	4.0468163
9	4.1174316
9	4.0735064
9	3.7651608
9	3.2680345
9	3.7379112
9	1.7216637
9	2.5765338
9	3.6463978
9	2.437455
9	4.194479
9	1.0264106
9	1.0310924
9	2.760738
9	3.0763009
9	3.8827984
9	3.351661
9	2.2611563
9	3.5032337
9	1.6481292
9	3.745216
9	3.6730146
9	3.607604
9	3.50115
9	3.196023
9	3.009856
9	3.6569605
9	3.9700499
9	3.2762556
9	3.5406785
9	3.355464
9	4.1120048
9	3.7162216
9	3.421093
9	3.0203083
9	3.3781943
9	3.9843755
9	3.5088987
9	1.543308
9	3.8243144
9	3.7269406
9	3.8332114
9	3.9428978
9	4.0892735
9	3.4593353
9	3.5046618
9	3.4235554
9	3.7402878
9	2.7616405
9	4.1588283
9	4.230393
9	4.0555754
9	3.051515
9	3.5584931
9	3.8356476
9	4.1139936
9	3.828507
9	4.0797048
9	3.9738803
9	3.664293
9	4.4174237
9	4.078753
9	4.111463
9	4.1241918
9	3.6056838
9	3.5263991
9	1.8770013
9	3.9767528
9	4.1945033
9	3.7963824
9	4.0634465
9	3.9969697
9	3.6039934
9	4.0503736
9	3.755487
9	3.4116607
9	3.78082
9	4.0744205
9	2.5740898
9	2.7105694
9	3.1030083
9	2.8393354
9	4.1107345
9	1.7121506
9	3.4898648
9	4.1962156
9	4.0421634
9	4.256809
9	4.1255846
9	3.3509393
9	3.9581108
9	4.0396976
9	2.5616426
9	2.5751321
9	2.7024572
9	3.7746227
9	4.047551
9	4.026743
9	4.019583
9	4.025865
9	4.041363
9	4.342655
9	4.283159
9	4.142402
9	3.3451357
9	3.7978873
9	3.1064239
9	4.1337175
9	4.151827
9	4.1785254
9	4.2271433
9	4.0291
9	3.564207
9	3.7350917
9	3.0311477
9	3.7962039
9	3.7224507
9	3.1284769
9	3.8454301
9	4.0365725
9	3.7849734
9	3.222642
9	3.923262
9	3.881392
9	3.8645406
9	1.6599264
9	3.8003569
9	2.1629114
9	3.6442342
9	3.6680875
9	3.8642542
9	3.776435
9	3.347381
9	3.9444013
9	3.259111
9	3.9270291
9	3.5135348
9	3.7308655
9	3.848712
9	4.4175043
9	3.570705
9	3.6521888
9	3.8664975
9	4.126042
9	4.0032015
9	3.886744
9	3.244738
9	3.769177
9	3.7805285
9	2.0824
9	3.8409896
9	3.8488884
9	2.189762
9	3.7454634
9	3.4069412
9	2.4572337
9	3.4326077
9	4.163071
9	3.9112055
9	4.0901694
9	3.7710447
9	4.1350513
9	4.249017
9	3.7237258
9	3.627346
9	3.8362882
9	3.7207303
9	3.5944502
9	4.066018
9	3.7638793
9	1.9676538
9	4.0211587
9	4.16629
9	2.809711
9	3.696333
9	3.8975818
9	3.9020267
9	3.0023932
9	2.9312668
9	4.1591115
9	3.8753676
9	4.255469
9	4.20992
9	3.5744355
9	4.2173405
9	4.075456
9	3.90371
9	3.2435818
9	3.6718729
9	4.2191143
9	4.185407
9	3.4321775
9	3.407199
9	3.4711092
9	3.6158895
9	3.5891142
9	3.7849047
9	3.3796434
9	3.5551064
9	3.3687572
9	3.5331397
9	3.651352
9	3.972651
9	3.262949
9	3.8801756
9	3.3256683
9	2.8194585
9	3.2280028
9	1.7731557
9	3.539278
9	4.144711
9	3.8638089
9	4.1568384
9	3.467763
9	4.0070987
9	4.0098553
9	4.0191965
9	4.160039
9	3.786262
9	3.8962986
9	2.6330678
9	2.5624995
9	4.3352113
9	4.1228123
9	3.586214
9	3.733983
9	2.3836818
9	3.6221876
9	4.1147866
9	4.2083254
9	4.3112073
9	3.9612925
9	3.7044582
9	3.3179598
9	3.2284331
9	3.6433923
9	3.8632925
9	3.576882
9	4.0008974
9	4.1674795
9	2.351787
9	2.8912423
9	3.3633542
9	3.9849117
9	4.098957
9	4.063937
9	3.5389519
9	2.1985364
9	3.9075575
9	3.9967763
9	3.9872246
9	4.1791854
9	4.0342083
9	4.0197372
9	3.1704917
9	3.848099
9	3.4990983
9	3.7326107
9	3.9766254
9	3.9864442
9	3.1914139
9	3.0545897
9	4.282687
9	3.7761202
9	4.0879035
9	3.6286755
9	4.0887346
9	2.0939987
9	4.310999
9	3.80726
9	3.1288548
9	3.4880104
9	1.1681702
9	1.2462778
9	1.8649435
9	3.135604
9	4.0195575
9	3.8650794
9	1.603513
9	1.8880095
9	1.2769346
9	1.0602528
9	2.558578
9	1.3138294
9	1.9718878
9	1.4103994
9	2.4764585
9	1.0275744
9	2.3950183
9	4.038372
9	2.7946181
9	1.7080944
9	3.9006097
9	3.0705185
9	2.1271822
9	1.1754131
9	2.6362205
9	2.8274598
9	4.1945643
9	2.8268242
9	1.3932772
9	3.641694
9	4.067944
9	2.6862955
9	3.6671805
9	2.4436617
9	2.442016
9	1.2450384
9	2.64121
9	2.5767426
9	3.2514896
9	3.1590974
9	3.622188
9	1.6137352
9	1.2820754
9	1.2069063
9	3.3512359
9	3.9112906
9	3.023889
9	3.3416286
9	1.4683467
9	2.3481104
9	3.4870763
9	4.1977167
9	2.354709
9	3.8408563
9	2.0665565
9	3.3394353
9	3.7768192
9	1.3889239
9	2.7712781
9	2.9584017
9	3.9717321
9	1.4666111
9	4.0131445
9	2.0004494
9	1.9096334
9	1.4406753
9	2.3315864
9	1.8952384
9	4.0998917
9	1.7382619
9	3.4714465
9	1.3966423
9	1.1527169
9	1.9752898
9	2.137142
9	3.0234485
9	2.0116177
9	3.83159
9	1.2331307
9	1.3531153
9	4.3444304
9	2.7707949
9	1.0514636
9	3.7221074
9	0.8431796
9	1.9729414
9	3.769457
9	1.6518099
9	3.7700286
9	1.1567965
9	2.7978783
9	1.3067939
9	3.3868499
9	3.4117808
9	3.7010317
9	1.782872
9	2.8986464
9	1.4008901
9	2.7897265
9	3.2443786
9	3.792604
9	1.5984983
9	2.6294158
9	3.3956378
9	4.1282215
9	1.4826202
9	1.3365684
9	0.96698564
