Pair_ID	relatedness_score
6	3.6057324
7	3.5322614
8	3.532422
1	3.548612
1	3.547522
1	3.488943
1	3.4906707
1	3.5576315
1	3.5462976
1	3.537455
2	3.536561
2	3.5322967
2	3.5142188
2	3.5139012
2	3.5415688
2	3.5359516
3	3.5393758
3	3.560308
3	3.5607328
3	3.559957
3	3.5386662
3	3.5852933
3	3.559845
3	3.560748
4	3.5046763
4	3.5002913
4	3.5051217
4	3.5045676
5	3.5009537
5	3.5007863
5	3.5129924
5	3.5072832
5	3.5086942
5	3.5126634
5	3.501184
6	3.501031
6	3.501163
6	3.5265555
6	3.5267682
6	3.527247
6	3.5209575
6	3.5161552
6	3.5209804
7	3.5274863
7	3.5272794
7	3.5264187
7	3.5218267
8	3.5269303
8	3.5620108
8	3.5143805
9	3.5194116
9	3.5147853
9	3.50381
1	3.49818
1	3.5063663
1	3.5057235
1	3.4995408
1	3.5057344
1	3.5111022
1	3.510178
1	3.5142164
1	3.5087504
1	3.5087929
1	3.5589957
1	3.5240555
1	3.5434499
1	3.5427547
1	3.5423446
1	3.5419955
1	3.5360398
1	3.5123382
1	3.5355105
1	3.5399423
1	3.51367
1	3.5326
1	3.4995837
1	3.5328803
1	3.5184479
1	3.5002666
1	3.4985566
1	3.4939308
1	3.4863286
1	3.5003262
1	3.500053
1	3.493874
1	3.4972491
1	3.4939694
1	3.541142
1	3.512773
1	3.539452
1	3.5396914
1	3.512618
1	3.50427
1	3.5009685
1	3.5414748
1	3.5489626
1	3.5050597
1	3.5052552
1	3.5068545
1	3.5052114
1	3.5274596
1	3.5337238
1	3.5253358
1	3.5103507
1	3.5286884
1	3.52885
1	3.5288215
1	3.5288692
1	3.536683
1	3.5638504
1	3.5436444
1	3.5430179
1	3.533462
1	3.5434937
2	3.5514164
2	3.5037236
2	3.5049438
2	3.5478272
2	3.5033693
2	3.5496898
2	3.5488625
2	3.4961495
2	3.5064101
2	3.4972148
2	3.5263357
2	3.526267
2	3.528483
2	3.5147948
2	3.5030751
2	3.530748
2	3.5344868
2	3.5152583
2	3.505229
2	3.5071483
2	3.505848
2	3.5058112
2	3.506846
2	3.4971166
2	3.5054617
2	3.5055485
2	3.4971251
2	3.5877333
2	3.532381
2	3.5190167
2	3.5186849
2	3.5192084
2	3.5192676
2	3.5192761
2	3.5285687
2	3.5392208
2	3.5111704
2	3.5074358
2	3.5096807
2	3.5074744
2	3.5168915
2	3.492
2	3.532802
2	3.5327783
2	3.4938235
2	3.504879
2	3.5132256
2	3.504981
2	3.504582
2	3.5050468
3	3.540162
3	3.5397859
3	3.5363941
3	3.5128927
3	3.5883098
3	3.6129022
3	3.5165248
3	3.5867352
3	3.5868964
3	3.5868034
3	3.5810585
3	3.5103908
3	3.515039
3	3.5710063
3	3.5800204
3	3.5710363
3	3.553841
3	3.5175319
3	3.5168748
3	3.5634828
3	3.535739
3	3.5324774
3	3.5395465
3	3.5323682
3	3.5542035
3	3.548993
3	3.5191607
3	3.5539389
3	3.5541177
3	3.5192704
3	3.5246873
3	3.5246367
3	3.5242658
3	3.5183387
3	3.524629
3	3.5394044
3	3.526836
3	3.53998
3	3.5271096
3	3.5397687
3	3.5156713
3	3.5465837
4	3.5407481
4	3.6119294
4	3.4860387
4	3.4840074
4	3.5031486
4	3.4880004
4	3.572897
4	3.5043926
4	3.527339
4	3.5744128
4	3.5726166
4	3.5039763
4	3.5493321
4	3.5440178
4	3.5379086
4	3.5149717
4	3.5145721
4	3.501885
4	3.493692
4	3.5140395
4	3.4829988
4	3.512477
4	3.4982638
4	3.5130515
4	3.5078225
4	3.4900699
4	3.5030198
4	3.5028777
4	3.5038438
4	3.4933324
4	3.508175
4	3.5149608
4	3.508018
4	3.5267391
4	3.515839
4	3.5154533
4	3.5324526
4	3.5145607
4	3.5157504
4	3.5237198
4	3.5166593
4	3.5156245
4	3.4977584
4	3.55201
4	3.5508075
4	3.550847
4	3.498961
4	3.5616655
4	3.524951
4	3.5630765
4	3.5609374
4	3.563136
4	3.569067
4	3.5536118
4	3.5510464
4	3.5523772
5	3.551499
5	3.502098
5	3.5059185
5	3.506082
5	3.547925
5	3.562385
5	3.502955
5	3.503058
5	3.4998136
5	3.5519648
5	3.5518446
5	3.566277
5	3.5519834
5	3.5816712
5	3.521678
5	3.5447235
5	3.5069642
5	3.5067682
5	3.5224113
5	3.4975648
5	3.5211883
5	3.6031923
5	3.515143
5	3.5360866
5	3.515574
5	3.537077
5	3.5677776
5	3.573173
5	3.5486736
5	3.5495095
5	3.5729184
5	3.5497923
5	3.5498958
5	3.5656676
5	3.5395331
5	3.5343218
5	3.5346637
5	3.5465865
5	3.5345569
5	3.5466943
5	3.5352502
5	3.534988
5	3.539318
5	3.5467024
5	3.5908074
5	3.5988092
5	3.5238023
5	3.5231423
5	3.564722
5	3.5976877
5	3.5245547
5	3.5536494
5	3.618301
5	3.5775905
5	3.5792737
5	3.5787225
5	3.5774589
6	3.5174003
6	3.5043564
6	3.5878024
6	3.6331725
6	3.6107736
6	3.5195155
6	3.5906825
6	3.5633159
6	3.5490675
6	3.5640426
6	3.5204825
6	3.5146728
6	3.5213685
6	3.5208755
6	3.5376678
6	3.5305538
6	3.5788074
6	3.578998
6	3.5102868
6	3.5102444
6	3.575338
6	3.4962597
6	3.5236044
6	3.521185
6	3.5320363
6	3.5314898
6	3.5212822
6	3.5305667
6	3.5212493
6	3.5062938
6	3.5154881
6	3.5171146
6	3.5166097
6	3.5189233
6	3.5172873
6	3.5171304
6	3.516911
6	3.6149845
6	3.5473466
6	3.6140866
6	3.557004
6	3.5317721
6	3.599606
6	3.549255
6	3.58921
6	3.590547
7	3.5481095
7	3.5905638
7	3.5005293
7	3.4956002
7	3.5023623
7	3.5846663
7	3.524588
7	3.554638
7	3.5853748
7	3.5017924
7	3.520434
7	3.513071
7	3.512689
7	3.5116048
7	3.5042644
7	3.5049968
7	3.5201082
7	3.5173054
7	3.5251508
7	3.5191817
7	3.5175405
7	3.5170932
7	3.4977326
7	3.4896703
7	3.5199838
7	3.498654
7	3.4900937
7	3.4985662
7	3.506618
7	3.5104098
7	3.6574035
7	3.507423
7	3.5198603
7	3.5539436
7	3.5212073
7	3.5152216
7	3.5180573
7	3.5205102
7	3.5252738
7	3.5286708
7	3.5035777
7	3.520111
7	3.5114903
7	3.530807
7	3.520801
7	3.5172396
8	3.5302806
8	3.5366025
8	3.5205436
8	3.5703611
8	3.5508003
8	3.551227
8	3.5276556
8	3.5384665
8	3.5501642
8	3.5395455
8	3.550386
8	3.4568334
8	3.56012
8	3.5400825
8	3.559783
8	3.5047078
8	3.5297842
8	3.5765433
8	3.5669045
8	3.5358925
8	3.5200038
8	3.5662498
8	3.536737
8	3.5757542
8	3.5220466
8	3.5601254
8	3.5597348
8	3.5279498
8	3.5389023
8	3.5747285
8	3.528511
8	3.5947108
8	3.5276084
8	3.5632777
8	3.508099
8	3.5625968
8	3.510086
8	3.4999223
8	3.5162396
8	3.5787044
8	3.4995685
8	3.533342
8	3.5152707
8	3.5135179
8	3.5134988
8	3.5160918
8	3.5865235
8	3.5106063
9	3.534658
9	3.5349054
9	3.5449548
9	3.5347157
9	3.5353675
9	3.5344706
9	3.5147424
9	3.4981718
9	3.4988647
9	3.516458
9	3.5169177
9	3.498846
9	3.5207152
9	3.5176568
9	3.5194392
9	3.567212
9	3.5202775
9	3.5195947
9	3.5299125
9	3.5604343
9	3.5300698
9	3.5388727
9	3.5377898
9	3.5394378
9	3.5594783
9	3.530696
9	3.4863486
9	3.4898033
9	3.5507731
9	3.5515323
9	3.4901156
9	3.550284
9	3.5416045
9	3.5471969
9	3.6318316
9	3.5446696
9	3.6047544
9	3.54384
9	3.5441642
9	3.592968
9	3.5695534
9	3.595405
9	3.592689
9	3.5922728
9	3.5455537
9	3.5757623
9	3.5713181
9	3.575223
9	3.552762
9	3.5721889
9	3.712134
1	3.5532823
1	3.6781669
1	3.5575008
1	3.5546112
1	3.5286222
1	3.5018134
1	3.5288582
1	3.5337543
1	3.5463395
1	3.5289893
1	3.5468106
1	3.5585246
1	3.5959153
1	3.5469065
1	3.5652251
1	3.5582247
1	3.5059428
1	3.5063748
1	3.5017686
1	3.5019054
1	3.5059218
1	3.505343
1	3.5019832
1	3.5454392
1	3.5481563
1	3.5433369
1	3.5222368
1	3.5224757
1	3.5231538
1	3.5518746
1	3.551917
1	3.5189347
1	3.5185137
1	3.5965219
1	3.5257583
1	3.526177
1	3.5263696
1	3.522222
1	3.5951543
1	3.6163478
1	3.5949283
1	3.6474624
1	3.6473699
1	3.6421251
1	3.502006
1	3.504827
1	3.5111203
1	3.5077128
1	3.5114598
1	3.5080514
1	3.5060277
1	3.5062299
1	3.5061045
1	3.5111823
1	3.4936595
1	3.4936266
1	3.4931664
1	3.5000005
1	3.499957
1	3.4972157
1	3.4964242
1	3.5057292
1	3.49968
1	3.504148
1	3.4977984
1	3.5167117
1	3.5031314
1	3.5057187
1	3.5059772
1	3.503057
1	3.5102196
1	3.5047956
1	3.50182
1	3.5058155
1	3.5094953
1	3.5019298
1	3.501471
1	3.5127063
1	3.514214
1	3.5157323
1	3.5156088
1	3.5106444
1	3.5149221
1	3.4972453
1	3.5001664
1	3.514995
1	3.4968853
1	3.4936414
1	3.48944
1	3.498139
1	3.4980307
1	3.5278134
1	3.5332208
1	3.537146
1	3.5279245
1	3.5179558
1	3.5126805
1	3.5400863
1	3.506671
1	3.5114598
1	3.513547
1	3.5079393
1	3.5135894
1	3.512323
1	3.513682
1	3.4978871
1	3.5087376
1	3.503861
1	3.503487
1	3.4981227
1	3.4979835
1	3.5001574
1	3.4993882
1	3.5027847
1	3.500239
1	3.505371
1	3.516708
1	3.5076718
1	3.499947
1	3.4999204
1	3.5025105
1	3.4966083
1	3.4987369
1	3.4916816
1	3.487617
1	3.4883604
1	3.488634
1	3.4875512
1	3.4937873
1	3.5124087
1	3.5106463
1	3.4900775
1	3.4933648
1	3.509871
1	3.494021
1	3.4910102
1	3.4899735
1	3.494615
1	3.4911618
1	3.489593
1	3.4911313
1	3.4974132
1	3.4971051
1	3.497067
1	3.5074558
1	3.5128732
1	3.5152516
1	3.5122666
1	3.496004
1	3.4959874
1	3.5290236
1	3.4960303
1	3.5016694
1	3.495564
1	3.4960666
1	3.4964852
1	3.491692
1	3.4926553
1	3.498024
1	3.4930716
1	3.497807
1	3.4919028
1	3.4957242
1	3.5228486
1	3.5207968
1	3.5206113
1	3.5416083
1	3.5231123
1	3.5211644
1	3.5211744
1	3.520041
1	3.51997
1	3.5071597
1	3.5075984
1	3.5251985
1	3.5074487
1	3.511073
1	3.536571
1	3.5367155
1	3.5115676
1	3.511601
1	3.5492425
1	3.5118456
1	3.5486598
1	3.5117145
1	3.514585
1	3.4973474
1	3.4970045
1	3.4899368
1	3.5173373
1	3.5055985
1	3.501824
1	3.5019612
1	3.5093713
1	3.5019379
1	3.5044231
1	3.5168138
1	3.5046468
1	3.5010924
1	3.4970155
1	3.4928756
1	3.487533
1	3.4874558
1	3.4878364
1	3.4898577
1	3.487702
1	3.48772
1	3.4880443
1	3.5032134
1	3.472056
1	3.4726214
1	3.4762511
1	3.4759068
1	3.5000958
1	3.494254
1	3.4975429
1	3.500259
1	3.4975967
1	3.4940896
1	3.5014868
1	3.5052972
1	3.5052128
1	3.5052595
1	3.4883008
1	3.4898643
1	3.4929261
1	3.4875255
1	3.4928317
1	3.4878368
1	3.4879065
1	3.5076966
1	3.5119758
1	3.4889636
1	3.5074925
1	3.4887934
1	3.4866385
1	3.4982715
1	3.487938
1	3.4897127
1	3.4865355
1	3.541451
1	3.508532
1	3.5149703
1	3.5055099
1	3.4966502
1	3.5015283
1	3.4946604
1	3.5156837
1	3.4992213
1	3.5135608
1	3.504991
1	3.49437
1	3.5013013
1	3.494347
1	3.5022874
1	3.5049067
1	3.5051665
1	3.5088663
1	3.5086899
1	3.4942603
1	3.4943194
1	3.4902081
1	3.495029
1	3.4974627
1	3.4878225
1	3.4913435
1	3.4927735
1	3.4916806
1	3.4914713
1	3.5068069
1	3.4999084
1	3.4974003
1	3.5034585
1	3.5000224
1	3.5000024
1	3.4981904
1	3.4980378
1	3.498406
1	3.5036678
1	3.5003438
1	3.4954524
1	3.503798
1	3.4998412
1	3.5007367
1	3.5025659
1	3.502236
1	3.4999409
1	3.4996066
1	3.5021405
1	3.4915485
1	3.4858203
1	3.4911466
1	3.4923215
1	3.5181394
1	3.5182128
1	3.536436
1	3.5144649
1	3.5143938
1	3.503837
1	3.4877143
1	3.4878955
1	3.4835486
1	3.4928622
1	3.4882655
1	3.514172
1	3.5317254
1	3.514073
1	3.5317025
1	3.4927087
1	3.5041246
1	3.4998746
1	3.5017924
1	3.4900866
1	3.5210986
1	3.5353732
1	3.5351157
1	3.5250764
1	3.5339036
1	3.5210323
1	3.5050426
1	3.508255
1	3.5082617
1	3.4999251
1	3.5130286
1	3.4958572
1	3.4964366
1	3.5060496
1	3.487051
1	3.506476
1	3.5171733
1	3.5059829
1	3.513647
1	3.5190892
1	3.4930367
1	3.5174627
1	3.5193076
1	3.523941
1	3.5140238
1	3.509087
1	3.516707
1	3.5173717
1	3.5017886
1	3.5019135
1	3.4952226
1	3.508556
1	3.5083442
1	3.4939227
1	3.5013986
1	3.516523
1	3.5184698
1	3.5160508
1	3.5005555
1	3.5134697
1	3.5161395
1	3.5170293
1	3.4977274
1	3.4971833
1	3.514544
1	3.5142646
1	3.5000453
1	3.5005674
1	3.4991732
1	3.503986
1	3.5044632
1	3.4914975
1	3.5061235
1	3.4945025
1	3.5065331
1	3.492332
1	3.5049577
1	3.533482
1	3.5207725
1	3.5201778
1	3.4938917
1	3.4939985
1	3.501762
1	3.5333982
1	3.5031848
1	3.5018992
1	3.5066152
1	3.5028777
1	3.5246043
1	3.5028644
1	3.5171885
1	3.5049973
1	3.51757
1	3.5255857
1	3.5196877
1	3.506658
1	3.5193133
1	3.516109
1	3.5167885
1	3.51586
1	3.5108962
1	3.5109062
1	3.4974952
1	3.49201
1	3.492464
1	3.4978385
1	3.4930882
1	3.49789
1	3.5002246
1	3.4986577
1	3.4919057
1	3.5161633
1	3.524548
1	3.48842
1	3.4935203
1	3.4940915
1	3.494063
1	3.526925
1	3.4930582
1	3.4931083
1	3.495562
1	3.5235553
1	3.4941792
1	3.5078063
1	3.5094705
1	3.5233302
1	3.509159
1	3.5077243
1	3.518858
1	3.514235
1	3.5090241
1	3.5092993
1	3.5089622
1	3.5062366
1	3.5651531
1	3.5066237
1	3.5178313
1	3.569446
1	3.5165725
1	3.5584245
1	3.5588288
1	3.4958034
1	3.5053878
1	3.4852324
1	3.486775
1	3.4848213
1	3.484158
1	3.4950023
1	3.4857163
1	3.4863477
1	3.4857268
1	3.4800062
1	3.5030856
1	3.4816775
1	3.4991336
1	3.5047235
1	3.4999194
1	3.490704
1	3.496829
1	3.5041842
1	3.5080032
1	3.532639
1	3.5147233
1	3.4892035
1	3.5179472
1	3.5141273
1	3.5147939
1	3.508391
1	3.5212731
1	3.5019155
1	3.5220108
1	3.5153203
1	3.5023913
1	3.5157366
1	3.520885
1	3.4987245
1	3.4963236
1	3.5006838
1	3.521051
1	3.5016222
1	3.4997091
1	3.5004826
1	3.5474844
1	3.495563
1	3.4967074
1	3.5015244
1	3.500368
1	3.5008416
1	3.501164
1	3.514728
1	3.518601
1	3.5149183
1	3.5192542
1	3.4845905
1	3.5170941
1	3.5045109
1	3.4861217
1	3.499251
1	3.4805179
1	3.4953303
1	3.495171
1	3.5300007
1	3.5414815
1	3.5407581
1	3.503037
1	3.5053926
1	3.5108528
1	3.5053992
1	3.5135875
1	3.510734
1	3.510817
1	3.5173287
1	3.5053558
1	3.5035357
1	3.4986963
1	3.4980884
1	3.4981055
2	3.49936
2	3.5155635
2	3.4986248
2	3.4990802
2	3.507687
2	3.5044456
2	3.526894
2	3.5076208
2	3.511928
2	3.4912577
2	3.491467
2	3.4936128
2	3.511335
2	3.492178
2	3.4920354
2	3.5058856
2	3.508007
2	3.5081487
2	3.5056968
2	3.5054975
2	3.5069656
2	3.5078073
2	3.5296226
2	3.5056186
2	3.5022888
2	3.518096
2	3.5293527
2	3.5467896
2	3.5396762
2	3.5703588
2	3.546651
2	3.540011
2	3.6012797
2	3.512484
2	3.5222015
2	3.527556
2	3.517809
2	3.5148902
2	3.5181403
2	3.5150514
2	3.51787
2	3.5179534
2	3.49714
2	3.5293174
2	3.5061789
2	3.4850588
2	3.5078292
2	3.507928
2	3.5103374
2	3.5102177
2	3.5133877
2	3.5120468
2	3.507955
2	3.4965463
2	3.4967256
2	3.487306
2	3.4918942
2	3.4908385
2	3.487835
2	3.5162892
2	3.5168467
2	3.57439
2	3.6162229
2	3.5738478
2	3.5521684
2	3.516995
2	3.5532374
2	3.5534768
2	3.5170512
2	3.5040522
2	3.5036697
2	3.54071
2	3.5221643
2	3.528172
2	3.538588
2	3.4923587
2	3.483563
2	3.4873958
2	3.487269
2	3.491281
2	3.4921136
2	3.5072155
2	3.5072808
2	3.5140948
2	3.5197282
2	3.5214305
2	3.5150743
2	3.548242
2	3.524015
2	3.5338736
2	3.5248733
2	3.5477371
2	3.4997373
2	3.5252552
2	3.503182
2	3.5003796
2	3.5257277
2	3.5033445
2	3.4965177
2	3.4969373
2	3.5341573
2	3.507934
2	3.5170212
2	3.5078282
2	3.5051265
2	3.487286
2	3.4904065
2	3.4874363
2	3.489481
2	3.4995475
2	3.4977365
2	3.4991956
2	3.499195
2	3.5079474
2	3.5143228
2	3.5090518
2	3.5079522
2	3.5090756
2	3.5120015
2	3.5113387
2	3.5137906
2	3.5007854
2	3.5152826
2	3.5150323
2	3.5097733
2	3.5064282
2	3.5049248
2	3.5010896
2	3.5004296
2	3.500702
2	3.500812
2	3.5041203
2	3.500708
2	3.5059838
2	3.5016484
2	3.4823413
2	3.52066
2	3.5270429
2	3.4980035
2	3.5118203
2	3.4975014
2	3.4978013
2	3.497316
2	3.5006285
2	3.4967675
2	3.4972577
2	3.4942212
2	3.496799
2	3.5280452
2	3.4934187
2	3.5153084
2	3.4940162
2	3.5706453
2	3.5618162
2	3.5060267
2	3.5072904
2	3.5611835
2	3.5065126
2	3.5446677
2	3.520844
2	3.510723
2	3.5108314
2	3.5139441
2	3.4977489
2	3.4998946
2	3.4957147
2	3.499498
2	3.4955163
2	3.525968
2	3.5029368
2	3.5076036
2	3.5026755
2	3.4981933
2	3.4919076
2	3.4975176
2	3.4936361
2	3.4981198
2	3.4937692
2	3.4935975
2	3.49256
2	3.4974647
2	3.4946399
2	3.5028653
2	3.5352106
2	3.5191264
2	3.5032086
2	3.5083508
2	3.4979205
2	3.5045953
2	3.5100722
2	3.4977698
2	3.5098863
2	3.500195
2	3.4980502
2	3.4969325
2	3.5074058
2	3.507483
2	3.4973674
2	3.4943447
2	3.5172272
2	3.5169263
2	3.5221505
2	3.538928
2	3.5150404
2	3.516047
2	3.5281825
2	3.525506
2	3.5362463
2	3.5611963
2	3.603889
2	3.501483
2	3.5606961
2	3.5053692
2	3.5165615
2	3.5165782
2	3.4989438
2	3.4989629
2	3.4892983
2	3.4950213
2	3.480143
2	3.4830995
2	3.4946823
2	3.4945822
2	3.503429
2	3.5086975
2	3.5152845
2	3.5048022
2	3.503798
2	3.5035424
2	3.5014362
2	3.5005975
2	3.4884868
2	3.489668
2	3.4923215
2	3.4904904
2	3.4885268
2	3.4887261
2	3.4966722
2	3.489163
2	3.4908347
2	3.4893537
2	3.511166
2	3.4867182
2	3.5065646
2	3.4898067
2	3.4897103
2	3.505735
2	3.4898238
2	3.4885268
2	3.499816
2	3.4927258
2	3.5005383
2	3.4945798
2	3.5018082
2	3.4937654
2	3.4920473
2	3.5020394
2	3.493528
2	3.4935489
2	3.4920259
2	3.491179
2	3.495297
2	3.588346
2	3.529221
2	3.5083013
2	3.536911
2	3.509388
2	3.5012898
2	3.491199
2	3.4820104
2	3.4963937
2	3.491301
2	3.491427
2	3.489448
2	3.4930696
2	3.4847941
2	3.4890232
2	3.4845395
2	3.4848475
2	3.5033755
2	3.5156808
2	3.506206
2	3.5017385
2	3.5016408
2	3.4938483
2	3.496695
2	3.4928126
2	3.5059743
2	3.4940457
2	3.508801
2	3.494472
2	3.4960165
2	3.5030303
2	3.4943285
2	3.4976363
2	3.4924183
2	3.4961166
2	3.4938788
2	3.4984007
2	3.4984775
2	3.4981847
2	3.4976182
2	3.49833
2	3.5013442
2	3.4977984
2	3.5133443
2	3.5430045
2	3.5110707
2	3.5258837
2	3.521501
2	3.5151076
2	3.526052
2	3.5202422
2	3.4967203
2	3.500248
2	3.507966
2	3.4893594
2	3.508133
2	3.4966168
2	3.4964566
2	3.5057635
2	3.5055957
2	3.5054812
2	3.507677
2	3.500957
2	3.4977593
2	3.501596
2	3.4978628
2	3.501493
2	3.5099492
2	3.5241609
2	3.5179734
2	3.5049214
2	3.510282
2	3.4940648
2	3.5081172
2	3.5084538
2	3.5014682
2	3.5014787
2	3.504642
2	3.5014129
2	3.5016217
2	3.5026064
2	3.5038414
2	3.4926176
2	3.5206833
2	3.5411034
2	3.5232658
2	3.5294695
2	3.52381
2	3.52348
2	3.55859
2	3.5152736
2	3.505684
2	3.5185266
2	3.501307
2	3.5144577
2	3.5181737
2	3.5080533
2	3.5252433
2	3.5138602
2	3.5180526
2	3.5082994
2	3.5175662
2	3.507547
2	3.50487
2	3.5222926
2	3.5087924
2	3.527113
2	3.5296035
2	3.5138965
2	3.5180063
2	3.4949336
2	3.5120635
2	3.5029907
2	3.4987302
2	3.4944625
2	3.4972591
2	3.4961395
2	3.5549178
2	3.5111527
2	3.4957438
2	3.496037
2	3.502914
2	3.495996
2	3.4871278
2	3.500432
2	3.4978833
2	3.5108743
2	3.5360456
2	3.5295143
2	3.5355067
2	3.5356035
2	3.5124035
2	3.5355177
2	3.4842534
2	3.5053568
2	3.5056968
2	3.4831433
2	3.5102782
2	3.48276
2	3.5026574
2	3.5042853
2	3.5164385
2	3.5286746
2	3.495935
2	3.4923263
2	3.4924607
2	3.49302
2	3.4925275
2	3.5087295
2	3.5031962
2	3.4859586
2	3.494897
2	3.4949865
2	3.496181
2	3.5007663
2	3.5022268
2	3.5173259
2	3.502211
2	3.5007234
2	3.5011225
2	3.507812
2	3.5030122
2	3.5139341
2	3.4986615
2	3.49887
2	3.5021453
2	3.5043197
2	3.4840908
2	3.4800963
2	3.4799933
2	3.5096474
2	3.4963918
2	3.5126457
2	3.4943051
2	3.499751
2	3.5021043
2	3.5023808
2	3.5024781
2	3.5018106
2	3.499258
2	3.4935155
2	3.493956
2	3.4979825
2	3.4967732
2	3.5039983
2	3.5044808
2	3.5013213
2	3.4900312
2	3.4925857
2	3.4817643
2	3.4819608
2	3.4958997
2	3.4920616
2	3.495821
2	3.5004048
2	3.4971805
2	3.5135126
2	3.5141654
2	3.4905677
2	3.490951
2	3.4913268
2	3.4914174
2	3.4982257
2	3.5089436
2	3.5061402
2	3.5321898
2	3.5101333
2	3.5194392
3	3.5015678
3	3.5178843
3	3.5014682
3	3.5313072
3	3.510469
3	3.510714
3	3.507791
3	3.5138593
3	3.511078
3	3.5370517
3	3.5075583
3	3.5063887
3	3.5068526
3	3.5066123
3	3.4984894
3	3.500444
3	3.4985418
3	3.4984088
3	3.5039558
3	3.4987311
3	3.509193
3	3.523312
3	3.5093331
3	3.514595
3	3.5142694
3	3.5164943
3	3.513638
3	3.5102763
3	3.5104089
3	3.5241742
3	3.5242953
3	3.5202494
3	3.509132
3	3.5033174
3	3.5798373
3	3.5103402
3	3.5167618
3	3.523869
3	3.5178819
3	3.5178967
3	3.5114446
3	3.499401
3	3.4987426
3	3.497808
3	3.5110536
3	3.4836125
3	3.4871583
3	3.4867353
3	3.4829612
3	3.5040736
3	3.4840913
3	3.483829
3	3.482648
3	3.4833107
3	3.4830937
3	3.48496
3	3.4929347
3	3.5424147
3	3.535585
3	3.5424442
3	3.5069776
3	3.5355601
3	3.5424705
3	3.4978347
3	3.4880219
3	3.4868827
3	3.4885488
3	3.4886727
3	3.4974484
3	3.4899473
3	3.4924326
3	3.5183315
3	3.5175018
3	3.4933972
3	3.4888773
3	3.4912076
3	3.5039616
3	3.4995713
3	3.4996338
3	3.5154471
3	3.5341158
3	3.5339556
3	3.4860244
3	3.533383
3	3.4813151
3	3.487101
3	3.5319886
3	3.5328503
3	3.5066385
3	3.5067334
3	3.5235205
3	3.5071335
3	3.5205026
3	3.5170016
3	3.506987
3	3.5237932
3	3.5049295
3	3.500537
3	3.4999743
3	3.5043387
3	3.50739
3	3.5008187
3	3.5002131
3	3.5008059
3	3.500093
3	3.5046105
3	3.5084314
3	3.5043354
3	3.5093436
3	3.5045447
3	3.5044909
3	3.5043645
3	3.4991007
3	3.4990015
3	3.5026946
3	3.4937487
3	3.4937925
3	3.5303206
3	3.5209804
3	3.511641
3	3.5175786
3	3.5206084
3	3.5177503
3	3.4972806
3	3.5168266
3	3.5223575
3	3.5154
3	3.5151134
3	3.5166788
3	3.4974842
3	3.5238147
3	3.5050511
3	3.5122848
3	3.50417
3	3.505052
3	3.5062442
3	3.5060868
3	3.5070796
3	3.5567145
3	3.507038
3	3.5255466
3	3.507884
3	3.5187793
3	3.564467
3	3.4959083
3	3.499042
3	3.4978795
3	3.4955602
3	3.4978814
3	3.4980373
3	3.4979377
3	3.4899144
3	3.548964
3	3.5177822
3	3.4994593
3	3.5277987
3	3.527339
3	3.5301423
3	3.5297794
3	3.5558147
3	3.506103
3	3.5175023
3	3.527392
3	3.5057826
3	3.4859185
3	3.5033755
3	3.500471
3	3.527896
3	3.5372825
3	3.530254
3	3.4963298
3	3.5299
3	3.5015821
3	3.5016656
3	3.5035877
3	3.5117517
3	3.5592098
3	3.5292811
3	3.5049639
3	3.5071216
3	3.4938822
3	3.4900126
3	3.4932022
3	3.496108
3	3.5087624
3	3.5061412
3	3.4872966
3	3.4889426
3	3.486271
3	3.4878645
3	3.5055041
3	3.543056
3	3.5494456
3	3.5063434
3	3.4979777
3	3.4816113
3	3.5000882
3	3.481793
3	3.4962115
3	3.505921
3	3.5048194
3	3.4911199
3	3.5047593
3	3.512199
3	3.488925
3	3.4887776
3	3.487062
3	3.4940028
3	3.4876676
3	3.4873176
3	3.4872222
3	3.4911885
3	3.4919057
3	3.4917836
3	3.492526
3	3.490251
3	3.4940987
3	3.5063505
3	3.5064273
3	3.4887195
3	3.4888463
3	3.4886842
3	3.4998927
3	3.5028224
3	3.4959598
3	3.4960818
3	3.5025954
3	3.5032506
3	3.5176282
3	3.4857945
3	3.5072284
3	3.4863324
3	3.5001903
3	3.5121608
3	3.5162892
3	3.500464
3	3.4854455
3	3.500328
3	3.5229583
3	3.5059543
3	3.5054479
3	3.5064511
3	3.5015292
3	3.4915047
3	3.5017457
3	3.489624
3	3.491035
3	3.4918923
3	3.4909716
3	3.4938917
3	3.5111165
3	3.491166
3	3.490293
3	3.5559692
3	3.6238122
3	3.5292706
3	3.532103
3	3.5309691
3	3.4972243
3	3.4973273
3	3.4971333
3	3.4978719
3	3.497458
3	3.4824524
3	3.4927278
3	3.490604
3	3.489447
3	3.4895291
3	3.48976
3	3.4906368
3	3.4895353
3	3.4897885
3	3.5035634
3	3.503696
3	3.4926562
3	3.4901824
3	3.5032244
3	3.4901805
3	3.5118551
3	3.499681
3	3.4968228
3	3.4896798
3	3.490963
3	3.4973865
3	3.5038805
3	3.4960814
3	3.5037127
3	3.4921222
3	3.4976573
3	3.5020146
3	3.4978256
3	3.4935913
3	3.4939833
3	3.5056634
3	3.502524
3	3.500445
3	3.50032
3	3.5004325
3	3.5040731
3	3.4944463
3	3.5005069
3	3.515689
3	3.5030856
3	3.4919596
3	3.4930954
3	3.4952874
3	3.494532
3	3.4979906
3	3.4937072
3	3.493678
3	3.4919672
3	3.4989848
3	3.4984803
3	3.4961157
3	3.5090623
3	3.496201
3	3.500647
3	3.4983063
3	3.4977522
3	3.490728
3	3.494678
3	3.4865422
3	3.490674
3	3.489996
3	3.4945345
3	3.5084395
3	3.5096617
3	3.5083642
3	3.508461
3	3.5003533
3	3.4987588
3	3.4988947
3	3.5041232
3	3.5460744
3	3.5469794
3	3.520697
3	3.5461488
3	3.5153651
3	3.5152168
3	3.5152183
3	3.5509105
3	3.5217776
3	3.5216355
3	3.5347757
3	3.5203938
3	3.5225725
3	3.509912
3	3.5097551
3	3.5072227
3	3.5079532
3	3.5072293
3	3.4939456
3	3.4826765
3	3.5054016
3	3.5000691
3	3.4943004
3	3.5241475
3	3.5241241
3	3.4931998
3	3.4862456
3	3.4993663
3	3.5096364
3	3.5172286
3	3.5095334
3	3.5130515
3	3.4871664
3	3.5030031
3	3.495504
3	3.498393
3	3.5118432
3	3.504867
3	3.4985137
3	3.4985294
3	3.5105758
3	3.5038457
3	3.4985256
3	3.5014129
3	3.5045695
3	3.5175457
3	3.5010214
3	3.5019283
3	3.5030541
3	3.5146775
3	3.5148158
3	3.525344
3	3.6180778
3	3.5211596
3	3.5206227
3	3.5433793
3	3.543449
3	3.5206213
3	3.5318913
3	3.5122142
3	3.5387034
3	3.531393
3	3.4950128
3	3.514998
3	3.5203643
3	3.5234451
3	3.4946542
3	3.4933429
3	3.5220523
3	3.501318
3	3.5018535
3	3.502388
3	3.521515
3	3.5065026
3	3.513637
3	3.5177884
3	3.5030866
3	3.502674
3	3.5133061
3	3.5129576
3	3.4954257
3	3.5020013
3	3.5099216
3	3.5161014
3	3.502314
3	3.5135465
3	3.5026727
3	3.5062366
3	3.5025258
3	3.5031075
3	3.4903111
3	3.4937816
3	3.491445
3	3.509563
3	3.5094724
3	3.5087924
3	3.5126815
3	3.5088706
3	3.5188317
3	3.506845
3	3.5197492
3	3.5286832
3	3.504222
3	3.501564
3	3.506659
3	3.5073185
3	3.4894595
3	3.4847584
3	3.4896293
3	3.4884539
3	3.4872465
3	3.488068
3	3.4857354
3	3.4873576
3	3.5045629
3	3.499457
3	3.499629
3	3.4943433
3	3.4936786
3	3.4905248
3	3.4882607
3	3.5038943
3	3.521562
3	3.5346193
3	3.5077953
3	3.5199695
3	3.576808
3	3.5042562
3	3.5766883
3	3.511621
3	3.5177698
3	3.5130448
3	3.51232
3	3.5125585
3	3.5202575
3	3.5208988
3	3.545065
3	3.5211897
3	3.5208263
3	3.5217547
3	3.5052238
3	3.5049095
3	3.497786
3	3.4979491
3	3.496863
3	3.5017314
3	3.5232801
3	3.5046458
3	3.4945793
3	3.4945583
3	3.4877377
3	3.4946952
3	3.4948277
3	3.4952545
3	3.5174584
3	3.4927874
3	3.5051365
3	3.5188212
4	3.505137
4	3.4968543
4	3.5074239
4	3.503521
4	3.507277
4	3.4977775
4	3.4974566
4	3.4952083
4	3.4981399
4	3.4978747
4	3.519013
4	3.4977212
4	3.5277033
4	3.5069299
4	3.5304384
4	3.5150943
4	3.509605
4	3.5095325
4	3.509253
4	3.4868932
4	3.4870682
4	3.487114
4	3.5070758
4	3.4902005
4	3.5067377
4	3.4916487
4	3.5105405
4	3.5093503
4	3.5137439
4	3.5456038
4	3.573996
4	3.5053477
4	3.5022492
4	3.501287
4	3.5095868
4	3.5056968
4	3.5023856
4	3.501624
4	3.488111
4	3.487887
4	3.501823
4	3.5018873
4	3.5057254
4	3.48908
4	3.488523
4	3.4967442
4	3.4965725
4	3.4914985
4	3.5028067
4	3.4911656
4	3.4911695
4	3.4982867
4	3.500793
4	3.4982505
4	3.5114722
4	3.4975476
4	3.497756
4	3.5027366
4	3.50181
4	3.501687
4	3.5015006
4	3.5019088
4	3.4985886
4	3.4988055
4	3.4990296
4	3.5111394
4	3.4965606
4	3.496766
4	3.4981427
4	3.5035071
4	3.503241
4	3.5039515
4	3.5036025
4	3.5369778
4	3.5384445
4	3.5369234
4	3.5368686
4	3.5147357
4	3.4990668
4	3.4992442
4	3.5003815
4	3.5002508
4	3.4965043
4	3.5110822
4	3.509766
4	3.510079
4	3.4962277
4	3.4990458
4	3.501246
4	3.4870977
4	3.486731
4	3.4896655
4	3.5080914
4	3.5001988
4	3.4941711
4	3.4974036
4	3.5112453
4	3.4908862
4	3.5090508
4	3.4940124
4	3.506249
4	3.501081
4	3.4830108
4	3.500639
4	3.4832911
4	3.4830766
4	3.4886765
4	3.4877505
4	3.488626
4	3.487599
4	3.5182796
4	3.5091248
4	3.525601
4	3.5092635
4	3.508881
4	3.5001636
4	3.4999661
4	3.499453
4	3.484321
4	3.498736
4	3.4935908
4	3.5103288
4	3.5104775
4	3.5101128
4	3.5060105
4	3.5128813
4	3.5128784
4	3.5171952
4	3.5161176
4	3.5232282
4	3.4882908
4	3.5001035
4	3.4899125
4	3.4997444
4	3.496655
4	3.49787
4	3.4998612
4	3.498249
4	3.4999566
4	3.4870205
4	3.502758
4	3.4987497
4	3.4988408
4	3.50181
4	3.4971156
4	3.5000777
4	3.5004907
4	3.4999976
4	3.4985213
4	3.493194
4	3.491006
4	3.4912162
4	3.5043
4	3.489694
4	3.5070567
4	3.5046153
4	3.500235
4	3.5000014
4	3.498829
4	3.4827027
4	3.4895425
4	3.482862
4	3.4829993
4	3.4834862
4	3.5259137
4	3.494986
4	3.4914508
4	3.504548
4	3.501534
4	3.5071392
4	3.5094914
4	3.5015492
4	3.5000682
4	3.4997153
4	3.4973207
4	3.511973
4	3.5189137
4	3.5007005
4	3.5021567
4	3.5014272
4	3.5200262
4	3.505559
4	3.5014958
4	3.501082
4	3.5009685
4	3.5273213
4	3.5108256
4	3.5269313
4	3.517078
4	3.5233397
4	3.51751
4	3.5169654
4	3.523449
4	3.5223556
4	3.523006
4	3.4861298
4	3.4848542
4	3.4883752
4	3.4858794
4	3.4845872
4	3.5007539
4	3.502779
4	3.5019484
4	3.5046678
4	3.4995818
4	3.501
4	3.5098362
4	3.517881
4	3.5122728
4	3.5123825
4	3.5122771
4	3.5034156
4	3.5043678
4	3.4970865
4	3.5017018
4	3.4932837
4	3.4931517
4	3.5066462
4	3.5022478
4	3.5052433
4	3.504435
4	3.5267282
4	3.5286717
4	3.503921
4	3.5396113
4	3.519032
4	3.5191474
4	3.5071201
4	3.5037322
4	3.506476
4	3.506287
4	3.5025
4	3.5021977
4	3.503961
4	3.498157
4	3.498797
4	3.4991045
4	3.499105
4	3.4985466
4	3.49865
4	3.4986892
4	3.493194
4	3.49289
4	3.498654
4	3.4982066
4	3.503058
4	3.5023012
4	3.5333142
4	3.5032773
4	3.5027413
4	3.5178428
4	3.5031981
4	3.5003972
4	3.5029883
4	3.505982
4	3.5027413
4	3.5070095
4	3.5114179
4	3.5118299
4	3.5073786
4	3.5075107
4	3.5114722
4	3.5169225
4	3.5076127
4	3.5056171
4	3.5158038
4	3.5023656
4	3.5019317
4	3.502376
4	3.5383296
4	3.5645776
4	3.5032144
4	3.5022464
4	3.4909005
4	3.4863877
4	3.488315
4	3.4875984
4	3.4865265
4	3.4862638
4	3.4881759
4	3.4845767
4	3.48875
4	3.5147524
4	3.5023537
4	3.51578
4	3.5063934
4	3.4906754
4	3.4936929
4	3.4968867
4	3.4852252
4	3.4846988
4	3.5178266
4	3.5015082
4	3.5048852
4	3.5015283
4	3.501686
4	3.517982
4	3.5178523
4	3.5070796
4	3.502808
4	3.5034976
4	3.5136228
4	3.4948573
4	3.49505
4	3.4942575
4	3.4975142
4	3.4949126
4	3.5034986
4	3.4817796
4	3.4911866
4	3.4821606
4	3.518248
4	3.5026197
4	3.5055676
4	3.5065389
4	3.5051618
4	3.5217586
4	3.515636
4	3.517569
4	3.5164933
4	3.5123248
4	3.497416
4	3.5122657
4	3.4967685
4	3.5285516
4	3.5279946
4	3.5481277
4	3.5289097
4	3.5508351
4	3.5323343
4	3.497066
4	3.492291
4	3.5745034
4	3.534493
4	3.502584
4	3.5128531
4	3.502976
4	3.5043664
4	3.5134168
4	3.5485125
4	3.524425
4	3.5151162
4	3.531021
4	3.5250144
4	3.5263486
4	3.510373
4	3.5261388
4	3.500239
4	3.487969
4	3.4996953
4	3.4999204
4	3.4982738
4	3.4875093
4	3.5141644
4	3.514277
4	3.515779
4	3.5156717
4	3.5212102
4	3.5253496
4	3.5089912
4	3.5151372
4	3.515534
4	3.5094256
4	3.550705
4	3.529716
4	3.4979382
4	3.507328
4	3.5085092
4	3.5039392
4	3.5052085
4	3.5050502
4	3.5071034
4	3.5115933
4	3.50667
4	3.5012722
4	3.5165324
4	3.5053487
4	3.4943118
4	3.5167928
4	3.4942727
4	3.5169353
4	3.516996
4	3.514905
4	3.5081987
4	3.5165968
4	3.5167556
4	3.5083652
4	3.493812
4	3.5152383
4	3.5150943
4	3.4959702
4	3.5117588
4	3.498752
4	3.5115352
4	3.506908
4	3.4964647
4	3.493669
4	3.498155
4	3.4979692
4	3.4939175
4	3.4984746
4	3.4983544
4	3.5196805
4	3.51933
4	3.5134091
4	3.5130801
4	3.4912543
4	3.486073
4	3.490768
4	3.4899817
4	3.4908466
4	3.4924884
4	3.489141
4	3.4903631
4	3.4884067
4	3.4924426
4	3.528524
4	3.5092826
4	3.4932008
4	3.4870276
4	3.486292
4	3.4843926
4	3.493219
4	3.485888
4	3.486061
4	3.5071392
4	3.5068974
4	3.4970317
4	3.49752
4	3.5065799
4	3.4891071
4	3.5052228
4	3.5092192
4	3.4983654
4	3.4895892
4	3.5018167
4	3.5125585
4	3.51656
4	3.5179105
4	3.4980345
4	3.517312
4	3.4951572
4	3.4950051
4	3.503718
4	3.5084786
4	3.508503
4	3.5034919
4	3.5040545
4	3.501381
4	3.562356
4	3.6032367
4	3.5982375
4	3.6025748
4	3.5054746
4	3.4940724
4	3.498365
4	3.4979396
4	3.488019
4	3.4878755
4	3.5021977
4	3.4916234
4	3.508336
4	3.5017867
4	3.4979043
4	3.5017085
4	3.5013843
4	3.5721297
5	3.5165162
5	3.5709715
5	3.5171752
5	3.494389
5	3.4987483
5	3.500432
5	3.4985776
5	3.5158591
5	3.5162406
5	3.5159917
5	3.5111938
5	3.5113368
5	3.5115347
5	3.5111341
5	3.5099397
5	3.51117
5	3.5167484
5	3.5019178
5	3.5165658
5	3.4920125
5	3.505344
5	3.5049863
5	3.4989643
5	3.496954
5	3.4982877
5	3.4985075
5	3.497642
5	3.4983726
5	3.5168438
5	3.5037003
5	3.509316
5	3.51117
5	3.5091166
5	3.4998465
5	3.5184083
5	3.507236
5	3.5172038
5	3.5057135
5	3.5137286
5	3.5034947
5	3.5059724
5	3.5106497
5	3.5130048
5	3.5111718
5	3.5085692
5	3.511507
5	3.511413
5	3.4928951
5	3.4953413
5	3.4985232
5	3.511602
5	3.543724
5	3.5397716
5	3.538702
5	3.5171876
5	3.5144935
5	3.4961772
5	3.5038686
5	3.5077744
5	3.5137315
5	3.517219
5	3.506321
5	3.5061765
5	3.5077558
5	3.5064068
5	3.506062
5	3.5044212
5	3.504233
5	3.5043921
5	3.5230122
5	3.5251832
5	3.494741
5	3.5066066
5	3.522194
5	3.524321
5	3.4964242
5	3.4994483
5	3.503357
5	3.499567
5	3.5032277
5	3.5137386
5	3.494318
5	3.4966254
5	3.4971704
5	3.4961238
5	3.5116124
5	3.4979296
5	3.5072455
5	3.504715
5	3.4986782
5	3.490025
5	3.4918122
5	3.4976182
5	3.4972587
5	3.4920626
5	3.5172377
5	3.531631
5	3.5574565
5	3.5246758
5	3.4986014
5	3.4984517
5	3.4891534
5	3.4985318
5	3.4895444
5	3.4894075
5	3.5415683
5	3.5109315
5	3.4973521
5	3.5073147
5	3.5115762
5	3.4950566
5	3.5034194
5	3.4993691
5	3.491201
5	3.534821
5	3.5346494
5	3.5350347
5	3.5350046
5	3.5014205
5	3.5178466
5	3.5026278
5	3.4959693
5	3.4961743
5	3.5087056
5	3.5008821
5	3.5082722
5	3.493116
5	3.513496
5	3.501203
5	3.494125
5	3.4941878
5	3.5185122
5	3.494554
5	3.4971004
5	3.4988708
5	3.5078907
5	3.5071516
5	3.508903
5	3.5070744
5	3.5046134
5	3.507967
5	3.5087252
5	3.4938874
5	3.4935064
5	3.4935184
5	3.495006
5	3.4945426
5	3.489242
5	3.4887443
5	3.5140572
5	3.499979
5	3.4914498
5	3.4957366
5	3.5024638
5	3.5017252
5	3.501985
5	3.501687
5	3.4901576
5	3.5039973
5	3.5035882
5	3.503419
5	3.509687
5	3.5101595
5	3.5091186
5	3.5177836
5	3.530334
5	3.5616398
5	3.4904165
5	3.5608602
5	3.4915152
5	3.5027733
5	3.5142236
5	3.500423
5	3.5140004
5	3.5065808
5	3.4980206
5	3.502214
5	3.4987555
5	3.502596
5	3.4982066
5	3.495356
5	3.5010452
5	3.5007963
5	3.5007195
5	3.4996934
5	3.5206027
5	3.5084004
5	3.5199585
5	3.52034
5	3.50954
5	3.504805
5	3.5247216
5	3.5164304
5	3.508615
5	3.5010037
5	3.5011554
5	3.5088973
5	3.5327816
5	3.5336223
5	3.5330791
5	3.5332766
5	3.5328956
5	3.4972444
5	3.4909582
5	3.4919171
5	3.499587
5	3.491425
5	3.4852042
5	3.4850488
5	3.4856281
5	3.4941025
5	3.4964209
5	3.4940677
5	3.5089245
5	3.496325
5	3.493545
5	3.5008235
5	3.4850287
5	3.4884367
5	3.4848285
5	3.5104065
5	3.4958272
5	3.5151744
5	3.5050464
5	3.5282545
5	3.5074472
5	3.5075264
5	3.5141263
5	3.5087075
5	3.514152
5	3.492025
5	3.492342
5	3.491879
5	3.4992614
5	3.4997926
5	3.4945712
5	3.4990697
5	3.4988585
5	3.494676
5	3.509191
5	3.512878
5	3.4955778
5	3.512423
5	3.4898047
5	3.493178
5	3.491138
5	3.4973226
5	3.4961786
5	3.495957
5	3.4958067
5	3.5109391
5	3.5102396
5	3.5139194
5	3.5147758
5	3.5101657
5	3.500729
5	3.5181684
5	3.5018954
5	3.506147
5	3.5061927
5	3.515029
5	3.5265212
5	3.52983
5	3.5934653
5	3.5971808
5	3.525148
5	3.5278382
5	3.596249
5	3.525249
5	3.504826
5	3.5102038
5	3.504314
5	3.505066
5	3.4926362
5	3.497398
5	3.4974074
5	3.4929657
5	3.4924655
5	3.4907641
5	3.4935784
5	3.4861112
5	3.487783
5	3.486277
5	3.4905758
5	3.5005555
5	3.510837
5	3.5220056
5	3.547081
5	3.5117445
5	3.520062
5	3.5198827
5	3.5079083
5	3.5198708
5	3.5195842
5	3.5077891
5	3.5172343
5	3.5169
5	3.515098
5	3.4996448
5	3.5263023
5	3.4969983
5	3.5105443
5	3.5091
5	3.5003414
5	3.5042434
5	3.500441
5	3.5143256
5	3.5168314
5	3.4955697
5	3.4951634
5	3.5138059
5	3.5163298
5	3.5096598
5	3.5103579
5	3.5018854
5	3.508202
5	3.5019445
5	3.4884605
5	3.5084105
5	3.4902987
5	3.4892268
5	3.4888415
5	3.4983506
5	3.5033436
5	3.504714
5	3.5095735
5	3.508582
5	3.5170617
5	3.5044923
5	3.5041127
5	3.5171266
5	3.5023274
5	3.5027995
5	3.5025954
5	3.5027928
5	3.502334
5	3.4986224
5	3.5066986
5	3.506743
5	3.5029874
5	3.5066838
5	3.5066547
5	3.5097108
5	3.4817882
5	3.4903092
5	3.484262
5	3.4876757
5	3.48169
5	3.4902234
5	3.4841695
5	3.4905567
5	3.4882388
5	3.4907765
5	3.5197554
5	3.524961
5	3.5134888
5	3.4956546
5	3.5277295
5	3.5066252
5	3.5122075
5	3.4908748
5	3.491321
5	3.511147
5	3.4914298
5	3.5026107
5	3.4985156
5	3.5032306
5	3.4985852
5	3.5039864
5	3.5100741
5	3.5040698
5	3.504239
5	3.509851
5	3.5036502
5	3.5013647
5	3.5180144
5	3.4996972
5	3.5050902
5	3.5011883
5	3.494792
5	3.4984884
5	3.495079
5	3.4954143
5	3.4951339
5	3.495337
5	3.5008264
5	3.509016
5	3.5087266
5	3.508552
5	3.498735
5	3.5131464
5	3.5058503
5	3.5017962
5	3.5009923
5	3.5007815
5	3.5032215
5	3.5033965
5	3.501841
5	3.5071216
5	3.4981847
5	3.496807
5	3.4976974
5	3.5044575
5	3.5045376
5	3.5078306
5	3.5162864
5	3.521339
5	3.4884849
5	3.4894862
5	3.5083952
5	3.5045462
5	3.5028648
5	3.5030446
5	3.4986405
5	3.5123472
5	3.513205
5	3.5131774
5	3.5119119
5	3.5085855
5	3.490642
5	3.4897604
5	3.5081668
5	3.5152082
5	3.5554528
5	3.526348
5	3.548884
5	3.4972882
5	3.5091772
5	3.5137696
5	3.4974408
5	3.497211
5	3.4887786
5	3.488264
5	3.488325
5	3.4878402
5	3.4876328
5	3.4870524
5	3.4879785
5	3.529117
5	3.5096717
5	3.5016236
5	3.4982872
5	3.509438
5	3.4986458
5	3.5675464
5	3.6094189
5	3.5533261
5	3.591209
5	3.6090612
5	3.551938
5	3.506184
5	3.5104136
5	3.5175538
5	3.501956
5	3.5063848
5	3.5418253
5	3.535915
5	3.5364804
5	3.5162358
5	3.511644
5	3.5122695
5	3.5309262
5	3.532199
5	3.5308452
5	3.5340118
5	3.5188947
5	3.5225
5	3.5177875
5	3.522315
5	3.5141492
5	3.5142202
5	3.5284243
5	3.5144863
5	3.514402
6	3.5142598
6	3.5976472
6	3.604432
6	3.570725
6	3.5960994
6	3.637443
6	3.6038284
6	3.5656571
6	3.5959754
6	3.5486174
6	3.523202
6	3.5489879
6	3.5404363
6	3.5394397
6	3.549099
6	3.5477161
6	3.5166287
6	3.5479932
6	3.5129313
6	3.5777836
6	3.513277
6	3.5766664
6	3.5200377
6	3.5982375
6	3.5138402
6	3.6344385
6	3.6353679
6	3.5180678
6	3.5264392
6	3.5185657
6	3.5184078
6	3.522337
6	3.5239186
6	3.5113292
6	3.5455093
6	3.5596204
6	3.5446
6	3.507279
6	3.524949
6	3.507546
6	3.5409303
6	3.5320396
6	3.5366797
6	3.536467
6	3.5337477
6	3.5314217
6	3.542591
6	3.514092
6	3.5010448
6	3.5203967
6	3.520307
6	3.5176506
6	3.5371413
6	3.5325255
6	3.5178113
6	3.5221848
6	3.6207175
6	3.5445395
6	3.5561543
6	3.5561376
6	3.5556083
6	3.5258126
6	3.5393777
6	3.5498314
6	3.5220733
6	3.5378156
6	3.5072079
6	3.5069194
6	3.5084968
6	3.509964
6	3.5670834
6	3.5673347
6	3.508669
6	3.5158434
6	3.504652
6	3.5162
6	3.5048642
6	3.5185742
6	3.521294
6	3.524734
6	3.5216603
6	3.5217767
6	3.5250154
6	3.5073228
6	3.5167985
6	3.4980102
6	3.5324197
6	3.4981103
6	3.532176
6	3.5012822
6	3.581819
6	3.58188
6	3.5129466
6	3.5003095
6	3.574246
6	3.5090108
6	3.4950786
6	3.5707612
6	3.5310264
6	3.5740323
6	3.5315757
6	3.5891962
6	3.6016307
6	3.5436168
6	3.5523949
6	3.5991797
6	3.5882163
6	3.5032792
6	3.5489135
6	3.4978557
6	3.5039053
6	3.4993682
6	3.5173445
6	3.5532346
6	3.5526347
6	3.5121646
6	3.5123792
6	3.5102186
6	3.512488
6	3.5063944
6	3.5159059
6	3.5084329
6	3.523477
6	3.5235848
6	3.5197845
6	3.5249515
6	3.5637631
6	3.542087
6	3.5384946
6	3.5387053
6	3.5489602
6	3.5389657
6	3.541617
6	3.5640779
6	3.5554433
6	3.5658965
6	3.5027785
6	3.5382133
6	3.5036693
6	3.5089126
6	3.5070076
6	3.5227132
6	3.5459175
6	3.5220852
6	3.5057616
6	3.5195231
6	3.5191498
6	3.507711
6	3.5316386
6	3.5488977
6	3.547948
6	3.5490131
6	3.5409012
6	3.5333896
6	3.550346
6	3.5507765
6	3.5500927
6	3.533585
6	3.5840273
6	3.5231051
6	3.5220451
6	3.5458417
6	3.5270376
6	3.5270562
6	3.5269136
6	3.5481286
6	3.5266404
6	3.5489273
6	3.4962134
6	3.495729
6	3.5498328
6	3.5929322
6	3.4974017
6	3.4977307
6	3.5036273
6	3.5018854
6	3.4992385
6	3.5178366
6	3.5167003
6	3.4990253
6	3.565927
6	3.5323062
6	3.531919
6	3.5247931
6	3.4882016
6	3.5278573
6	3.48672
6	3.526219
6	3.5278983
6	3.5728984
6	3.5096145
6	3.513111
6	3.57097
6	3.6212454
6	3.5710082
6	3.499022
6	3.4986782
6	3.5743327
6	3.5499372
6	3.5647779
6	3.582521
6	3.541058
6	3.5480132
6	3.5920649
6	3.548932
6	3.5817304
6	3.541349
6	3.5307584
6	3.5314589
6	3.5406423
6	3.5405774
6	3.532021
6	3.5319462
6	3.5319319
6	3.5413604
6	3.5126543
6	3.5355744
6	3.557592
6	3.5462098
6	3.540506
6	3.55475
6	3.5161943
6	3.5332732
6	3.5173306
6	3.533308
6	3.55473
6	3.522184
6	3.5551019
6	3.543624
6	3.5358157
6	3.5527596
6	3.5356498
6	3.5079312
6	3.5217147
6	3.5081835
6	3.527392
6	3.508184
6	3.5327458
6	3.5325742
6	3.5715566
6	3.5624075
6	3.5314178
6	3.5330257
6	3.512467
6	3.5347242
6	3.516768
6	3.5134616
6	3.5422301
6	3.5129943
6	3.5148034
6	3.5217462
6	3.5222602
6	3.5550323
6	3.57554
6	3.5842748
6	3.5845113
6	3.5791235
6	3.5550847
6	3.5755816
6	3.532292
6	3.5845723
6	3.5679913
6	3.5408788
6	3.5221858
6	3.5227532
6	3.541058
6	3.5281067
6	3.531857
6	3.5280814
6	3.5285172
6	3.514595
6	3.5053916
6	3.518412
6	3.5000129
6	3.51022
6	3.5247188
6	3.5002756
6	3.5130324
6	3.5141716
6	3.5254884
6	3.5205483
6	3.5142622
6	3.6657243
6	3.5618773
6	3.5011668
6	3.5170283
6	3.5145006
6	3.5056758
6	3.5330148
6	3.5058422
6	3.51686
6	3.550846
6	3.5120702
6	3.5470634
6	3.5472083
6	3.5546312
6	3.5472693
6	3.50391
6	3.532856
6	3.5378065
6	3.5321755
6	3.5030828
6	3.5047565
6	3.5193024
6	3.5260577
6	3.5193162
6	3.5246682
6	3.5592237
6	3.5199609
6	3.5429506
6	3.5690913
6	3.5857406
6	3.5851626
6	3.5056953
6	3.609521
6	3.6240382
6	3.6235814
6	3.6079412
6	3.6091132
6	3.537808
6	3.5379443
6	3.5237756
6	3.5231118
6	3.5234113
6	3.5491562
6	3.5373545
6	3.5579143
6	3.5575147
6	3.5576816
6	3.5216198
6	3.502377
6	3.4984179
6	3.5619159
6	3.5203657
6	3.5619607
6	3.6178985
6	3.5997367
6	3.5203996
6	3.5413785
6	3.537871
6	3.5310292
6	3.5476918
6	3.5473595
6	3.517293
6	3.5194402
6	3.5211082
6	3.5209603
6	3.5111766
6	3.5175757
6	3.5162182
6	3.5160775
6	3.548452
6	3.4970179
6	3.5152116
6	3.521833
6	3.5227962
6	3.5213275
6	3.5262537
6	3.5212479
6	3.538465
6	3.541901
6	3.537036
6	3.5379386
6	3.5379424
6	3.4962325
6	3.5086255
6	3.4980016
6	3.53469
6	3.5531669
6	3.5136719
6	3.5437727
6	3.5183463
6	3.5690112
6	3.5613408
6	3.56746
6	3.5200725
6	3.5153747
6	3.5525308
6	3.5290513
6	3.5524673
6	3.5356088
6	3.5178952
6	3.496941
6	3.4962277
6	3.4942698
6	3.4970737
6	3.5102654
6	3.4962478
6	3.5268617
6	3.5932655
6	3.608498
6	3.581924
6	3.5915408
6	3.5594354
6	3.559618
6	3.592008
6	3.5294771
6	3.5293326
6	3.5294785
6	3.5295062
6	3.5483294
6	3.5221686
6	3.5127525
6	3.4972281
6	3.4966536
6	3.5002856
6	3.495822
6	3.5123568
6	3.5664825
6	3.5646863
6	3.574247
6	3.5653653
6	3.5654821
6	3.579464
6	3.5045962
6	3.5615191
6	3.5410233
6	3.5417762
6	3.5603046
6	3.4906716
6	3.4905877
6	3.5065188
6	3.4915295
6	3.4937115
6	3.5056944
6	3.4910798
6	3.5300164
6	3.5102544
6	3.5105224
6	3.5017123
6	3.5238948
6	3.523728
6	3.5059695
6	3.5070968
6	3.5056725
6	3.5522943
6	3.5343046
6	3.5209394
6	3.5325875
6	3.6037083
6	3.6034064
6	3.5644102
6	3.6026387
6	3.5650277
6	3.5651393
6	3.5953522
6	3.5665126
6	3.5640197
6	3.5156388
6	3.6088233
6	3.5940466
6	3.628982
6	3.5977006
6	3.523889
6	3.523838
6	3.5308871
6	3.5243983
6	3.5257735
6	3.5191388
6	3.51933
6	3.5194674
6	3.5194402
6	3.5782304
6	3.5348544
6	3.5360327
6	3.6417117
6	3.641499
6	3.5378208
6	3.6394591
6	3.5389853
6	3.5293183
6	3.5293784
6	3.551515
6	3.5514293
6	3.5300202
6	3.551498
6	3.5388074
6	3.53444
6	3.4912515
6	3.4912019
6	3.5048547
6	3.4913297
6	3.6038918
6	3.5071359
6	3.5168772
6	3.5660577
6	3.4972405
6	3.5094948
6	3.4967027
6	3.4933467
6	3.500885
6	3.5558047
6	3.4939513
7	3.5049243
7	3.5363746
7	3.5433745
7	3.5418115
7	3.5090146
7	3.5090413
7	3.509049
7	3.5125723
7	3.527266
7	3.511692
7	3.5062785
7	3.522986
7	3.5067563
7	3.528522
7	3.5065055
7	3.4873576
7	3.4958963
7	3.6203709
7	3.6208768
7	3.6227574
7	3.5027504
7	3.6280484
7	3.5398502
7	3.5497375
7	3.5506206
7	3.5398798
7	3.5592432
7	3.5521493
7	3.5444536
7	3.5092063
7	3.5465007
7	3.511756
7	3.5454206
7	3.5169077
7	3.5154595
7	3.530149
7	3.5154142
7	3.5160604
7	3.5159187
7	3.5060983
7	3.5678096
7	3.574737
7	3.5737872
7	3.5254488
7	3.5128903
7	3.5154538
7	3.5201735
7	3.5261793
7	3.5261087
7	3.5403466
7	3.5402756
7	3.5525532
7	3.5175571
7	3.514526
7	3.5333095
7	3.5398936
7	3.5180902
7	3.529563
7	3.5344648
7	3.5302248
7	3.5457773
7	3.5370746
7	3.5346632
7	3.5274415
7	3.5370965
7	3.5296836
7	3.5179625
7	3.5282707
7	3.5283399
7	3.5296993
7	3.538916
7	3.5312943
7	3.529601
7	3.5464678
7	3.5152268
7	3.5291219
7	3.5291734
7	3.5462399
7	3.519112
7	3.5154462
7	3.5167603
7	3.5106711
7	3.5103726
7	3.5051804
7	3.5052595
7	3.5098605
7	3.5134969
7	3.5693321
7	3.5795016
7	3.511207
7	3.5148606
7	3.499762
7	3.509553
7	3.5619845
7	3.5614934
7	3.5551648
7	3.5426726
7	3.5556192
7	3.54318
7	3.5857072
7	3.5507302
7	3.5612025
7	3.4829836
7	3.483101
7	3.5347023
7	3.4856167
7	3.484548
7	3.4845643
7	3.4873595
7	3.4845233
7	3.5173016
7	3.5174513
7	3.508439
7	3.5051708
7	3.5171237
7	3.5171113
7	3.508759
7	3.5254946
7	3.528769
7	3.5580091
7	3.5566854
7	3.5259643
7	3.5241551
7	3.5297418
7	3.5246472
7	3.5343156
7	3.5864892
7	3.5353532
7	3.542829
7	3.5430703
7	3.518519
7	3.6009479
7	3.6004796
7	3.5196419
7	3.545466
7	3.5462008
7	3.585505
7	3.674932
7	3.647163
7	3.5840697
7	3.6736903
7	3.547824
7	3.5468173
7	3.5179362
7	3.5238671
7	3.5341039
7	3.5407233
7	3.5344267
7	3.5337725
7	3.5403981
7	3.5341058
7	3.5342555
7	3.5341287
7	3.558982
7	3.519763
7	3.5195298
7	3.4922805
7	3.5161524
7	3.4923139
7	3.509439
7	3.5092835
7	3.546122
7	3.5480857
7	3.5045743
7	3.519773
7	3.5471663
7	3.547349
7	3.5895896
7	3.576148
7	3.518908
7	3.5641503
7	3.5202985
7	3.5198221
7	3.5039554
7	3.5064912
7	3.507934
7	3.5043397
7	3.5075812
7	3.639155
7	3.6054873
7	3.5540137
7	3.5521932
7	3.531673
7	3.540698
7	3.53258
7	3.5018249
7	3.5006537
7	3.5317502
7	3.501433
7	3.5029511
7	3.5233788
7	3.4951062
7	3.58073
7	3.5586448
7	3.5465503
7	3.4968448
7	3.5453753
7	3.4965787
7	3.5138497
7	3.5134912
7	3.5068316
7	3.5138311
7	3.5104327
7	3.53412
7	3.5323772
7	3.5074716
7	3.5475192
7	3.5164247
7	3.5164638
7	3.5887256
7	3.5878954
7	3.5199552
7	3.519064
7	3.5876207
7	3.519402
7	3.5205374
7	3.5180511
7	3.5148568
7	3.5097141
7	3.5103803
7	3.5127988
7	3.5263772
7	3.5264573
7	3.5270572
7	3.490912
7	3.499434
7	3.5262475
7	3.500256
7	3.491765
7	3.5147586
7	3.5281372
7	3.519216
7	3.5515156
7	3.5512195
7	3.553388
7	3.5509515
7	3.5293474
7	3.5505137
7	3.5609975
7	3.5151687
7	3.5154243
7	3.560184
7	3.5160785
7	3.552095
7	3.5388708
7	3.527598
7	3.5600781
7	3.5277185
7	3.5437517
7	3.5474706
7	3.4976974
7	3.5099702
7	3.498816
7	3.5468302
7	3.5187488
7	3.5599947
7	3.539281
7	3.5354133
7	3.5404797
7	3.5647964
7	3.5306973
7	3.5065293
7	3.5116887
7	3.5166373
7	3.5019708
7	3.5313587
7	3.6226473
7	3.6692328
7	3.5326128
7	3.5309243
7	3.5229268
7	3.5208783
7	3.5309744
7	3.5220995
7	3.6372619
7	3.637236
7	3.5064998
7	3.6570287
7	3.5250602
7	3.6346745
7	3.5843587
7	3.5888095
7	3.6184974
7	3.6133533
7	3.5883174
7	3.5518003
7	3.5438256
7	3.5719614
7	3.5444493
7	3.5255566
7	3.5754428
7	3.5481439
7	3.5191836
7	3.5741758
7	3.52348
7	3.5995822
7	3.5289106
7	3.590488
7	3.5286832
7	3.5501785
7	3.488659
7	3.4875607
7	3.548149
7	3.4891944
7	3.5283918
7	3.6306944
7	3.6537938
7	3.6288695
7	3.5357919
7	3.5031419
7	3.503448
7	3.5031152
7	3.5329657
7	3.5040665
7	3.5041165
7	3.5345025
7	3.5344777
7	3.5041385
7	3.5245414
7	3.6142545
7	3.5257006
7	3.5792747
7	3.5977416
7	3.5589814
7	3.523467
7	3.564464
7	3.597733
7	3.6059308
7	3.6205506
7	3.6212106
7	3.5773215
7	3.6063972
7	3.6209846
7	3.530191
7	3.5496688
7	3.570582
7	3.5491037
7	3.548976
7	3.5623727
7	3.5521064
7	3.5461812
7	3.546032
7	3.545927
7	3.531601
7	3.5476213
7	3.6187396
7	3.6342216
7	3.5168858
7	3.5383124
7	3.536079
7	3.5387125
7	3.5319066
7	3.548747
7	3.5729127
7	3.5180545
7	3.5106788
7	3.5804524
7	3.5138993
7	3.499477
7	3.4995341
7	3.4832854
7	3.5002742
7	3.4990792
7	3.5283222
7	3.5882611
7	3.6030517
7	3.5301733
7	3.5391955
7	3.5693097
7	3.5369935
7	3.543264
7	3.5744033
7	3.508161
7	3.5724554
7	3.493587
7	3.4937644
7	3.5308518
7	3.5227923
7	3.5260024
7	3.5145926
7	3.521463
7	3.5149922
7	3.53575
7	3.502974
7	3.5031362
7	3.5090404
7	3.542355
7	3.54213
7	3.5480971
7	3.5316725
7	3.5055394
7	3.496591
7	3.5069299
7	3.5065064
7	3.5446754
7	3.501729
7	3.5026984
7	3.5083966
7	3.506435
7	3.5088944
7	3.535706
7	3.5350885
7	3.509376
7	3.5122666
7	3.5359693
7	3.5094476
7	3.5235958
7	3.513229
7	3.5131073
7	3.5040984
7	3.547666
7	3.5478778
7	3.5470777
7	3.5378861
7	3.5327387
7	3.49361
7	3.5372176
7	3.4929962
7	3.4953732
7	3.4935522
7	3.5081954
7	3.512889
7	3.5041285
7	3.5040855
7	3.5082383
7	3.5365348
7	3.526918
7	3.5337777
7	3.534041
7	3.5272303
7	3.5363307
7	3.561708
7	3.5390916
7	3.5518498
7	3.5519605
7	3.5436769
7	3.5614285
7	3.5518093
7	3.5269084
7	3.5103364
7	3.5107026
7	3.5266576
7	3.5270567
7	3.539165
7	3.5387912
7	3.5330014
7	3.5388846
7	3.4862876
7	3.5270777
7	3.5262551
7	3.4849162
7	3.4874463
7	3.4849243
7	3.5437837
7	3.5436525
7	3.5133963
7	3.5120168
7	3.5925498
7	3.571762
7	3.5534487
7	3.607678
7	3.5722866
7	3.5723052
7	3.582231
7	3.554408
7	3.6068606
7	3.5036783
7	3.545919
7	3.5476546
7	3.5451112
7	3.5047393
7	3.5078278
7	3.5424361
7	3.5226994
7	3.5423017
7	3.534481
7	3.5881443
7	3.5880709
7	3.5300288
7	3.530026
7	3.5243134
7	3.5300455
7	3.533494
7	3.5874
7	3.5349731
7	3.5797353
7	3.5341773
7	3.5030594
7	3.501143
7	3.517239
7	3.5033464
7	3.5106053
7	3.5107193
7	3.5513682
7	3.559812
7	3.5506778
7	3.533844
7	3.5268412
7	3.5239391
7	3.5239744
7	3.5267043
7	3.5240083
7	3.5180216
7	3.526546
8	3.5182958
8	3.513053
8	3.4938178
8	3.4971113
8	3.51192
8	3.4970617
8	3.4971128
8	3.6028686
8	3.5220623
8	3.614808
8	3.614987
8	3.5190682
8	3.5081267
8	3.5078902
8	3.522696
8	3.508308
8	3.5222478
8	3.5083537
8	3.52462
8	3.516058
8	3.5173035
8	3.5242243
8	3.52414
8	3.519867
8	3.5430865
8	3.542297
8	3.540296
8	3.5037446
8	3.5033855
8	3.5044312
8	3.504509
8	3.5044923
8	3.5079322
8	3.6339011
8	3.6338682
8	3.6338496
8	3.5045738
8	3.5056443
8	3.5354133
8	3.5084825
8	3.5347705
8	3.5399346
8	3.5347447
8	3.5673776
8	3.558291
8	3.5298972
8	3.5668254
8	3.5370917
8	3.5305157
8	3.525724
8	3.5384955
8	3.525477
8	3.5082917
8	3.5054078
8	3.5637798
8	3.5753427
8	3.5825963
8	3.5828004
8	3.5111537
8	3.5305123
8	3.518848
8	3.5302472
8	3.5301728
8	3.5105786
8	3.5395856
8	3.5301242
8	3.4972382
8	3.5389218
8	3.5387487
8	3.5386863
8	3.5230207
8	3.53865
8	3.6145673
8	3.4990087
8	3.5283394
8	3.618771
8	3.526002
8	3.5711036
8	3.5264783
8	3.5703192
8	3.5703473
8	3.526651
8	3.490706
8	3.4921088
8	3.5948548
8	3.5932326
8	3.592836
8	3.5989099
8	3.5988898
8	3.5923672
8	3.526175
8	3.564036
8	3.568602
8	3.5633965
8	3.519394
8	3.5177102
8	3.5277743
8	3.5214505
8	3.517569
8	3.554863
8	3.506906
8	3.5144567
8	3.5198693
8	3.5142999
8	3.5227246
8	3.5226254
8	3.5451522
8	3.5252948
8	3.5499372
8	3.5031781
8	3.50113
8	3.5012393
8	3.5002189
8	3.5041533
8	3.4991446
8	3.4993472
8	3.4984121
8	3.4985557
8	3.4900174
8	3.4942222
8	3.4957824
8	3.5006447
8	3.495727
8	3.4985623
8	3.4900746
8	3.5006995
8	3.494254
8	3.5306535
8	3.5300841
8	3.5329766
8	3.530694
8	3.571599
8	3.567236
8	3.5684085
8	3.5589585
8	3.5639138
8	3.559164
8	3.5671768
8	3.5637398
8	3.5186152
8	3.5520434
8	3.5178242
8	3.5193138
8	3.5775323
8	3.4929986
8	3.4949412
8	3.542807
8	3.5641994
8	3.548121
8	3.5467243
8	3.5551476
8	3.5550299
8	3.512443
8	3.5030274
8	3.5027847
8	3.503181
8	3.5151029
8	3.5039735
8	3.490096
8	3.4893684
8	3.4932513
8	3.490107
8	3.4969091
8	3.5268579
8	3.5377584
8	3.545505
8	3.5282092
8	3.5283637
8	3.4926872
8	3.493353
8	3.499855
8	3.5020957
8	3.4903913
8	3.5473313
8	3.5223188
8	3.5223289
8	3.5184798
8	3.5604982
8	3.5714555
8	3.570695
8	3.5953054
8	3.5225267
8	3.5188813
8	3.5280547
8	3.5250683
8	3.558806
8	3.5935903
8	3.5599508
8	3.5594244
8	3.4966588
8	3.5026388
8	3.569962
8	3.5700865
8	3.4989762
8	3.5253825
8	3.5383062
8	3.5217628
8	3.5382166
8	3.5382257
8	3.5513387
8	3.5521736
8	3.5650182
8	3.5478244
8	3.5650072
8	3.552494
8	3.5447412
8	3.5453367
8	3.5455604
8	3.5221882
8	3.5175452
8	3.5173712
8	3.534484
8	3.534317
8	3.5349135
8	3.533628
8	3.5336113
8	3.515665
8	3.5136495
8	3.5121298
8	3.5123215
8	3.5101423
8	3.5155435
8	3.5026593
8	3.5270233
8	3.527122
8	3.5031638
8	3.5175633
8	3.577701
8	3.5857978
8	3.5764375
8	3.5249982
8	3.5252676
8	3.5249968
8	3.519174
8	3.519341
8	3.5405345
8	3.5185127
8	3.5287614
8	3.589026
8	3.5363517
8	3.5885758
8	3.5882134
8	3.530498
8	3.536376
8	3.6570573
8	3.6581206
8	3.6519861
8	3.5300756
8	3.4942336
8	3.4943671
8	3.5240288
8	3.5140638
8	3.5342774
8	3.5141501
8	3.5099244
8	3.5155926
8	3.508658
8	3.5142326
8	3.5155406
8	3.538509
8	3.5428386
8	3.5385814
8	3.5429683
8	3.5156097
8	3.5341716
8	3.5471601
8	3.5163178
8	3.5435405
8	3.5234733
8	3.5465884
8	3.523251
8	3.5223198
8	3.5662532
8	3.5644398
8	3.5131464
8	3.5644755
8	3.5353212
8	3.52527
8	3.5121331
8	3.5275316
8	3.5172563
8	3.527574
8	3.5833802
8	3.5194454
8	3.5197387
8	3.533239
8	3.5807824
8	3.5664477
8	3.5533047
8	3.5429807
8	3.5531878
8	3.504578
8	3.5782084
8	3.5570412
8	3.5782952
8	3.507648
8	3.571436
8	3.5710626
8	3.5097365
8	3.5089078
8	3.5132685
8	3.5166707
8	3.669962
8	3.5520263
8	3.5508056
8	3.554059
8	3.5520902
8	3.537664
8	3.538807
8	3.5103889
8	3.5462737
8	3.5274434
8	3.544044
8	3.5439105
8	3.5437179
8	3.5026221
8	3.5025592
8	3.5119438
8	3.5154738
8	3.5170574
8	3.5806565
8	3.5807981
8	3.5254064
8	3.5247726
8	3.5247798
8	3.525889
8	3.579761
8	3.5385127
8	3.5062208
8	3.5029836
8	3.5390844
8	3.502256
8	3.5075269
8	3.5022912
8	3.5021005
8	3.5018582
8	3.5152469
8	3.587604
8	3.5614967
8	3.5167098
8	3.5161424
8	3.5687585
8	3.51689
8	3.4984908
8	3.499115
8	3.4985032
8	3.49963
8	3.4987254
8	3.5366426
8	3.5194373
8	3.5252242
8	3.5363598
8	3.555184
8	3.5685196
8	3.5843682
8	3.5835023
8	3.555767
8	3.4946494
8	3.5141063
8	3.5058722
8	3.5137963
8	3.4992418
8	3.495006
8	3.51372
8	3.5028148
8	3.5122051
8	3.5136127
8	3.5237036
8	3.5176282
8	3.4992175
8	3.5034804
8	3.506659
8	3.5097685
8	3.5063052
8	3.4995742
8	3.511683
8	3.5275865
8	3.5347857
8	3.5207944
8	3.513856
8	3.5514693
8	3.521092
8	3.514772
8	3.5584502
8	3.549386
8	3.5089335
8	3.5485072
8	3.5083556
8	3.528462
8	3.5094242
8	3.5050454
8	3.5282016
8	3.528078
8	3.5008965
8	3.5279346
8	3.5766244
8	3.5489097
8	3.5761209
8	3.553697
8	3.5219455
8	3.5220757
8	3.5214467
8	3.505115
8	3.5189295
8	3.5203948
8	3.5184608
8	3.519906
8	3.5018296
8	3.5140924
8	3.526608
8	3.5128489
8	3.5129943
8	3.526278
8	3.5263014
8	3.5262375
8	3.50184
8	3.5018535
8	3.5077653
8	3.5078216
8	3.5019155
8	3.5674815
8	3.5784025
8	3.5664992
8	3.5774436
8	3.5108533
8	3.511177
8	3.5134816
8	3.576468
8	3.5750442
8	3.5173297
8	3.5153208
8	3.5124269
8	3.5525098
8	3.5517735
8	3.55093
8	3.5487638
8	3.5589476
8	3.5304499
8	3.5586324
8	3.5380259
8	3.6163697
8	3.6146564
8	3.6131883
8	3.614829
8	3.6075969
8	3.6141105
8	3.4946346
8	3.5031886
8	3.494779
8	3.5028262
8	3.4957871
8	3.498982
8	3.4962077
8	3.512279
8	3.4932704
8	3.4993682
8	3.4961915
8	3.617577
8	3.6175942
8	3.509171
8	3.615242
8	3.6154246
8	3.6152968
8	3.6154103
8	3.4864893
8	3.4932437
8	3.4968925
8	3.4929814
8	3.5018125
8	3.5004435
8	3.5387778
8	3.5532231
8	3.5857377
8	3.5260592
8	3.5394607
8	3.5396438
8	3.5078673
8	3.6195502
8	3.5103335
8	3.4956765
8	3.4955244
8	3.511682
8	3.4959803
8	3.5114079
8	3.496471
8	3.4959016
8	3.6671615
8	3.6677403
8	3.5871215
8	3.6641908
8	3.531065
8	3.5188498
8	3.520289
8	3.520205
8	3.5483198
8	3.5466743
8	3.5668821
8	3.5514321
8	3.4937482
8	3.5457697
8	3.541798
8	3.549809
8	3.5392213
8	3.5497646
8	3.5417895
8	3.5331426
8	3.5326457
8	3.5356297
8	3.52429
8	3.5160012
8	3.5354238
8	3.5246162
8	3.5163531
8	3.5515532
8	3.5516782
8	3.5604234
9	3.5527053
9	3.5518432
9	3.521277
9	3.5350842
9	3.533834
9	3.5420427
9	3.5498796
9	3.5209665
9	3.5572581
9	3.587544
9	3.5577083
9	3.5865903
9	3.5077238
9	3.4992452
9	3.546524
9	3.5434723
9	3.5459213
9	3.508388
9	3.5194902
9	3.526866
9	3.5258517
9	3.5371385
9	3.5388074
9	3.507421
9	3.4997811
9	3.499773
9	3.5075235
9	3.528686
9	3.5077567
9	3.505723
9	3.526547
9	3.5061579
9	3.5073247
9	3.5078583
9	3.525241
9	3.505858
9	3.5059638
9	3.5060391
9	3.5057778
9	3.510777
9	3.5526228
9	3.536592
9	3.5248566
9	3.5248342
9	3.5245457
9	3.5402408
9	3.5953536
9	3.532783
9	3.5942016
9	3.5942998
9	3.52497
9	3.5339851
9	3.5587068
9	3.5331402
9	3.5258174
9	3.5498877
9	3.506453
9	3.5344586
9	3.534717
9	3.54113
9	3.5409741
9	3.5348115
9	3.5444436
9	3.5360723
9	3.5363555
9	3.503098
9	3.5176148
9	3.5023108
9	3.5545306
9	3.5894933
9	3.556459
9	3.5498824
9	3.5286078
9	3.54527
9	3.5386524
9	3.5384946
9	3.538928
9	3.5450435
9	3.5205197
9	3.530118
9	3.5301576
9	3.5218582
9	3.5299125
9	3.4900022
9	3.4850907
9	3.5272279
9	3.486823
9	3.4865232
9	3.5261831
9	3.5184035
9	3.537456
9	3.5407014
9	3.5808425
9	3.6149297
9	3.548346
9	3.5367293
9	3.5177069
9	3.584251
9	3.5908718
9	3.5193667
9	3.5895529
9	3.5192986
9	3.5051093
9	3.5226226
9	3.5056038
9	3.5059905
9	3.522644
9	3.5535035
9	3.5566134
9	3.5558858
9	3.5527315
9	3.5081658
9	3.5081306
9	3.517384
9	3.539019
9	3.5473542
9	3.5177503
9	3.5175877
9	3.5629897
9	3.56321
9	3.5632243
9	3.5632334
9	3.5047836
9	3.505557
9	3.5056138
9	3.5405688
9	3.5318127
9	3.5320678
9	3.6212487
9	3.5333552
9	3.5923934
9	3.539904
9	3.5695806
9	3.5692344
9	3.504797
9	3.5395203
9	3.547948
9	3.56916
9	3.5143905
9	3.5124993
9	3.5244308
9	3.5128446
9	3.5243506
9	3.5186915
9	3.54349
9	3.5430293
9	3.543054
9	3.520351
9	3.5407834
9	3.5081377
9	3.5402265
9	3.5472016
9	3.5437884
9	3.4999776
9	3.5430627
9	3.5046678
9	3.5107045
9	3.5131593
9	3.5047793
9	3.513441
9	3.507218
9	3.5086794
9	3.5086699
9	3.5591426
9	3.5106668
9	3.5701146
9	3.6886163
9	3.6513171
9	3.6788125
9	3.6515236
9	3.553146
9	3.5531192
9	3.6042624
9	3.554562
9	3.585774
9	3.5537252
9	3.4932632
9	3.502293
9	3.494863
9	3.5041742
9	3.517146
9	3.5193944
9	3.505845
9	3.5061984
9	3.519177
9	3.506103
9	3.5946245
9	3.5942063
9	3.5097551
9	3.6329532
9	3.632957
9	3.6308346
9	3.630897
9	3.6308703
9	3.5096192
9	3.5095425
9	3.5011835
9	3.5451646
9	3.5806336
9	3.5489063
9	3.5458694
9	3.53194
9	3.5259004
9	3.5258965
9	3.5259347
9	3.5153546
9	3.5258975
9	3.5456805
9	3.5420437
9	3.5419497
9	3.545094
9	3.5376105
9	3.54211
9	3.6144786
9	3.6137304
9	3.5370698
9	3.6105552
9	3.5359154
9	3.504148
9	3.6158018
9	3.6096673
9	3.5273786
9	3.5276418
9	3.5233884
9	3.5082793
9	3.5348969
9	3.540648
9	3.5777588
9	3.588924
9	3.5354753
9	3.5772877
9	3.5706134
9	3.4957185
9	3.56911
9	3.5693421
9	3.5366511
9	3.5366192
9	3.487866
9	3.509737
9	3.4885278
9	3.5019994
9	3.5103617
9	3.536223
9	3.5455632
9	3.5246139
9	3.503858
9	3.5044742
9	3.514392
9	3.515802
9	3.520926
9	3.5544667
9	3.4977512
9	3.5527997
9	3.5528798
9	3.4985552
9	3.498496
9	3.518661
9	3.538878
9	3.538589
9	3.5386
9	3.5385833
9	3.5077677
9	3.5076847
9	3.5042691
9	3.5031357
9	3.5041633
9	3.5404472
9	3.5409284
9	3.505013
9	3.5196633
9	3.522326
9	3.5290427
9	3.5224385
9	3.4930778
9	3.5175881
9	3.4934297
9	3.493116
9	3.5098977
9	3.5113974
9	3.5046868
9	3.513414
9	3.5381427
9	3.5405893
9	3.5342622
9	3.5291238
9	3.5230641
9	3.4964032
9	3.4965692
9	3.4961972
9	3.4987688
9	3.5164628
9	3.4910607
9	3.4972873
9	3.526774
9	3.512455
9	3.4916177
9	3.493137
9	3.5641618
9	3.5298119
9	3.5346751
9	3.5684066
9	3.53894
9	3.5389724
9	3.5382304
9	3.537755
9	3.5368228
9	3.5033937
9	3.5443282
9	3.580862
9	3.5785298
9	3.5811334
9	3.5811496
9	3.5811644
9	3.5489373
9	3.554031
9	3.5537696
9	3.5490708
9	3.5306554
9	3.5211463
9	3.5085578
9	3.5084739
9	3.5706573
9	3.5355105
9	3.5399642
9	3.538159
9	3.5703597
9	3.541164
9	3.5673957
9	3.5416498
9	3.628631
9	3.5777574
9	3.5914264
9	3.6172109
9	3.6174984
9	3.612587
9	3.5223584
9	3.6110578
9	3.6110892
9	3.5242195
9	3.6110778
9	3.520989
9	3.5027022
9	3.502664
9	3.5219417
9	3.5521216
9	3.5521889
9	3.5521698
9	3.5523248
9	3.5316658
9	3.506415
9	3.5064588
9	3.5174527
9	3.5068245
9	3.5067897
9	3.5170083
9	3.5021024
9	3.5751767
9	3.5759177
9	3.5040607
9	3.5745506
9	3.504055
9	3.5668654
9	3.578298
9	3.615376
9	3.5717797
9	3.5740805
9	3.573616
9	3.5737338
9	3.571423
9	3.5119581
9	3.5088058
9	3.5083709
9	3.504817
9	3.5510383
9	3.5950074
9	3.4876094
9	3.487967
9	3.500063
9	3.4812446
9	3.5307555
9	3.4948096
9	3.495112
9	3.5146337
9	3.524897
9	3.6146998
9	3.533833
9	3.568046
9	3.5295968
9	3.5643325
9	3.5474324
9	3.496945
9	3.5108085
9	3.500464
9	3.508789
9	3.5131197
9	3.5029044
9	3.4882336
9	3.5443215
9	3.5464864
9	3.508233
9	3.509606
9	3.5052314
9	3.4899116
9	3.5080948
9	3.498489
9	3.5151038
9	3.525426
9	3.50851
9	3.4912877
9	3.504129
9	3.5110536
9	3.572291
9	3.501144
9	3.5022073
9	3.5310702
9	3.5143666
9	3.5025792
9	3.5060635
9	3.5832229
9	3.5161643
9	3.5462708
9	3.5394711
9	3.513742
9	3.5824237
9	3.5283027
9	3.6022344
9	3.500167
9	3.5040898
9	3.4926176
9	3.5083156
9	3.5136366
9	3.5058365
9	3.5119796
9	3.5361848
9	3.5268235
9	3.5035133
9	3.6053033
9	3.4901428
9	3.504756
9	3.5485191
9	3.5393014
9	3.5172782
9	3.487657
9	3.5001287
9	3.5517244
9	3.4929004
9	3.5355973
9	3.536724
9	3.5234637
9	3.5157108
9	3.5264587
9	3.588344
9	3.509688
9	3.502915
9	3.5633278
9	3.509437
9	3.5011306
9	3.4968553
9	3.515153
9	3.5314093
9	3.491075
9	3.4877834
9	3.50112
9	3.4875274
9	3.4989657
9	3.5332322
9	3.491529
9	3.55339
9	3.5051212
9	3.5304198
9	3.5032406
9	3.5029674
9	3.511673
9	3.508823
9	3.559928
9	3.4931684
9	3.520051
9	3.518516
9	3.5215802
9	3.4989762
9	3.5131192
9	3.4892206
9	3.5286736
9	3.524828
9	3.5031433
9	3.5294194
9	3.5341263
9	3.5055661
9	3.516418
9	3.5184197
9	3.5333571
9	3.5018258
