Pair_ID	relatedness_score
6	3.597141
7	3.517941
8	3.5179029
1	3.560608
1	3.5616078
1	3.5044217
1	3.504932
1	3.5657725
1	3.5612993
1	3.5412931
2	3.54067
2	3.538589
2	3.512749
2	3.5126915
2	3.546133
2	3.5404894
3	3.544974
3	3.566385
3	3.5856423
3	3.5852983
3	3.5510962
3	3.5877554
3	3.585344
3	3.5856824
4	3.5234728
4	3.519204
4	3.5265799
4	3.5234904
5	3.5190754
5	3.518987
5	3.530232
5	3.5278702
5	3.5259883
5	3.5301237
5	3.5180273
6	3.517992
6	3.518018
6	3.5337787
6	3.530455
6	3.5390146
6	3.5307527
6	3.53047
6	3.5306559
7	3.5390353
7	3.520176
7	3.521369
7	3.5228608
8	3.5217917
8	3.5647228
8	3.5219457
9	3.5247211
9	3.5234494
9	3.5119514
1	3.5201845
1	3.523799
1	3.5235796
1	3.5252454
1	3.523614
1	3.5274482
1	3.527946
1	3.5282464
1	3.5234103
1	3.5234065
1	3.5614648
1	3.5508373
1	3.5520527
1	3.5518107
1	3.5547028
1	3.554594
1	3.5494394
1	3.5254688
1	3.5492697
1	3.5520275
1	3.5281792
1	3.5664122
1	3.5182686
1	3.5665975
1	3.5481963
1	3.518467
1	3.511712
1	3.5140934
1	3.499692
1	3.5207953
1	3.5207205
1	3.5140233
1	3.5222983
1	3.5141034
1	3.5463648
1	3.5266817
1	3.5503912
1	3.551302
1	3.5267344
1	3.5152628
1	3.511965
1	3.55089
1	3.5591755
1	3.5155232
1	3.5156474
1	3.5158095
1	3.5156226
1	3.5337014
1	3.5580063
1	3.540698
1	3.5200086
1	3.5356598
1	3.5357094
1	3.5357537
1	3.535728
1	3.5492144
1	3.5828123
1	3.5476615
1	3.5474157
1	3.5440903
1	3.547545
2	3.5592556
2	3.5257015
2	3.5258849
2	3.566405
2	3.5255766
2	3.5534265
2	3.5531635
2	3.5234108
2	3.5202591
2	3.5235834
2	3.5241017
2	3.5240555
2	3.512284
2	3.5322654
2	3.5148513
2	3.5277467
2	3.5242507
2	3.5322583
2	3.5074997
2	3.5072398
2	3.510779
2	3.510792
2	3.507157
2	3.501166
2	3.510787
2	3.5075903
2	3.5012357
2	3.581836
2	3.5332513
2	3.5388188
2	3.5387177
2	3.5388122
2	3.5388021
2	3.538814
2	3.5433884
2	3.5631056
2	3.516403
2	3.5227983
2	3.5182047
2	3.5226705
2	3.5255022
2	3.5048218
2	3.5405278
2	3.5405002
2	3.5040417
2	3.5194507
2	3.5328963
2	3.5195532
2	3.5193777
2	3.51963
3	3.5502138
3	3.5499892
3	3.551774
3	3.5162659
3	3.5618196
3	3.5819101
3	3.5257626
3	3.5614064
3	3.5614083
3	3.5613713
3	3.608195
3	3.512635
3	3.5136013
3	3.594972
3	3.6077402
3	3.5949485
3	3.573333
3	3.5378397
3	3.5291934
3	3.604582
3	3.5530834
3	3.5552561
3	3.547536
3	3.555193
3	3.5627284
3	3.5563924
3	3.535731
3	3.562605
3	3.562582
3	3.5358956
3	3.54819
3	3.548106
3	3.5480843
3	3.5468178
3	3.5152898
3	3.5481436
3	3.5451643
3	3.5670426
3	3.545247
3	3.566901
3	3.531739
3	3.5532513
4	3.5490003
4	3.6303873
4	3.5008826
4	3.4975646
4	3.5297809
4	3.5016506
4	3.5839715
4	3.5211122
4	3.5503209
4	3.5894418
4	3.583819
4	3.5208883
4	3.5739615
4	3.5642886
4	3.5733857
4	3.5354676
4	3.5353754
4	3.518991
4	3.5250008
4	3.5352817
4	3.5040002
4	3.525879
4	3.509504
4	3.512003
4	3.5104942
4	3.5004957
4	3.5106032
4	3.5106149
4	3.5199766
4	3.5168338
4	3.5289376
4	3.5322256
4	3.5288923
4	3.5402997
4	3.5252814
4	3.525087
4	3.5376308
4	3.5228496
4	3.5251946
4	3.530862
4	3.5286357
4	3.5251477
4	3.5156496
4	3.5538085
4	3.5556529
4	3.5556564
4	3.5159116
4	3.5928354
4	3.540366
4	3.5998063
4	3.5924742
4	3.5998514
4	3.5598974
4	3.5678387
4	3.5707345
4	3.5710628
5	3.5707016
5	3.5115104
5	3.5159206
5	3.5159338
5	3.5477939
5	3.581408
5	3.5116792
5	3.517602
5	3.510604
5	3.5658562
5	3.5659528
5	3.586452
5	3.5983863
5	3.584299
5	3.5329995
5	3.5529146
5	3.5144947
5	3.5144923
5	3.5331914
5	3.5009918
5	3.532787
5	3.6411645
5	3.5192924
5	3.5310397
5	3.5171647
5	3.5316157
5	3.6037917
5	3.6123366
5	3.5693102
5	3.569264
5	3.6122966
5	3.5693119
5	3.5694082
5	3.5810242
5	3.537185
5	3.5472891
5	3.5448918
5	3.5616086
5	3.5474238
5	3.5616646
5	3.5452034
5	3.5450187
5	3.537053
5	3.561648
5	3.6455405
5	3.65864
5	3.5462804
5	3.5461454
5	3.5835888
5	3.6581106
5	3.546784
5	3.5662622
5	3.6048148
5	3.5690157
5	3.5888672
5	3.5886984
5	3.5690825
6	3.5185251
6	3.5246818
6	3.5412164
6	3.5824213
6	3.5572143
6	3.519267
6	3.6206422
6	3.6049027
6	3.5617661
6	3.5666225
6	3.528296
6	3.5249925
6	3.529059
6	3.5285401
6	3.5364418
6	3.5362525
6	3.586545
6	3.5865521
6	3.5359955
6	3.5359712
6	3.5909343
6	3.5215034
6	3.531673
6	3.5302687
6	3.5421364
6	3.5439348
6	3.5303183
6	3.5421405
6	3.530354
6	3.5178034
6	3.527932
6	3.521624
6	3.5214722
6	3.5274603
6	3.5217233
6	3.52168
6	3.5216126
6	3.620358
6	3.5511174
6	3.6199777
6	3.5573225
6	3.52406
6	3.6125348
6	3.5519848
6	3.5998235
6	3.6214488
7	3.5912542
7	3.621471
7	3.524363
7	3.515502
7	3.5250568
7	3.622974
7	3.5458875
7	3.5763896
7	3.6231048
7	3.5126085
7	3.5338051
7	3.5326066
7	3.5325022
7	3.527316
7	3.5134418
7	3.5220027
7	3.5187292
7	3.5252666
7	3.5448341
7	3.5423965
7	3.525539
7	3.525288
7	3.5113888
7	3.500326
7	3.5331473
7	3.5117035
7	3.5072718
7	3.511556
7	3.5182173
7	3.5245655
7	3.6385875
7	3.5211704
7	3.5431452
7	3.544695
7	3.543453
7	3.55134
7	3.5367444
7	3.5382185
7	3.5426111
7	3.544953
7	3.5160255
7	3.5381308
7	3.51961
7	3.5407677
7	3.5353909
7	3.526473
8	3.540512
8	3.5476897
8	3.5352383
8	3.5847406
8	3.5634682
8	3.5635958
8	3.5261054
8	3.5365252
8	3.5629506
8	3.5372128
8	3.5630352
8	3.4908006
8	3.595508
8	3.5644803
8	3.5951471
8	3.5107493
8	3.5568843
8	3.6015286
8	3.5816252
8	3.5646346
8	3.5655196
8	3.5815907
8	3.564724
8	3.6014419
8	3.5566697
8	3.5656078
8	3.565505
8	3.5394974
8	3.5524874
8	3.5690656
8	3.5397847
8	3.6347585
8	3.5524738
8	3.5924535
8	3.5252576
8	3.592183
8	3.5236473
8	3.5054421
8	3.5320292
8	3.5606048
8	3.5174952
8	3.5316195
8	3.5202675
8	3.53039
8	3.5303326
8	3.5315604
8	3.6179957
8	3.520021
9	3.552929
9	3.5532038
9	3.5754976
9	3.5532095
9	3.5533173
9	3.5530953
9	3.5153313
9	3.512035
9	3.5121238
9	3.5155542
9	3.515597
9	3.512076
9	3.5300798
9	3.5364866
9	3.529656
9	3.5672665
9	3.5298548
9	3.5296588
9	3.5328326
9	3.6034193
9	3.548243
9	3.5549073
9	3.553016
9	3.555268
9	3.6027114
9	3.548651
9	3.499856
9	3.5152562
9	3.5817938
9	3.5820534
9	3.5154414
9	3.544763
9	3.5390031
9	3.5405273
9	3.6276345
9	3.5408673
9	3.5729952
9	3.5402842
9	3.5503383
9	3.6040072
9	3.5816317
9	3.6009054
9	3.6038053
9	3.6037087
9	3.5482457
9	3.5952268
9	3.5960414
9	3.5948615
9	3.5523794
9	3.5961974
9	3.5583668
1	3.597222
1	3.5701146
1	3.5978394
1	3.5971084
1	3.5385098
1	3.524406
1	3.5384693
1	3.5532908
1	3.5605254
1	3.5385013
1	3.5607002
1	3.5698295
1	3.6274943
1	3.565218
1	3.5643094
1	3.5698373
1	3.529157
1	3.5292532
1	3.5054471
1	3.505553
1	3.5246177
1	3.5275252
1	3.5054696
1	3.5732417
1	3.573794
1	3.5559049
1	3.5331488
1	3.5331638
1	3.529164
1	3.5373116
1	3.5374532
1	3.5264668
1	3.526287
1	3.623485
1	3.5320878
1	3.5565958
1	3.5565693
1	3.5658183
1	3.622841
1	3.6454093
1	3.6228068
1	3.6924338
1	3.6921396
1	3.6765869
1	3.5110497
1	3.5150514
1	3.5217984
1	3.523803
1	3.521873
1	3.5238323
1	3.5162587
1	3.5163062
1	3.516334
1	3.5218282
1	3.5030928
1	3.5063152
1	3.5061913
1	3.5222173
1	3.520945
1	3.5159411
1	3.5099306
1	3.518692
1	3.5207973
1	3.52658
1	3.5115094
1	3.5231295
1	3.5150592
1	3.528343
1	3.528432
1	3.5151296
1	3.5313048
1	3.5136375
1	3.5120459
1	3.5116196
1	3.512148
1	3.5120642
1	3.5119426
1	3.5295372
1	3.5343974
1	3.5319471
1	3.5389965
1	3.523863
1	3.524062
1	3.5101514
1	3.5107203
1	3.5240564
1	3.5109076
1	3.5100522
1	3.5010834
1	3.4992433
1	3.4991865
1	3.5533285
1	3.545104
1	3.5394304
1	3.5532389
1	3.5210223
1	3.5188003
1	3.563541
1	3.5101843
1	3.5112178
1	3.5116153
1	3.5145864
1	3.520079
1	3.5183368
1	3.520094
1	3.5244684
1	3.519105
1	3.5169432
1	3.5169559
1	3.524422
1	3.506497
1	3.5051386
1	3.5113404
1	3.512033
1	3.5051775
1	3.5204654
1	3.5337284
1	3.5199363
1	3.508639
1	3.5100367
1	3.51147
1	3.509547
1	3.5107274
1	3.5022428
1	3.499051
1	3.496722
1	3.4967303
1	3.499044
1	3.501377
1	3.5245996
1	3.521319
1	3.5042472
1	3.5046248
1	3.5211701
1	3.5047462
1	3.5044184
1	3.5009065
1	3.5139885
1	3.5091314
1	3.4993243
1	3.4994495
1	3.5021372
1	3.5020964
1	3.5021095
1	3.5209837
1	3.5255835
1	3.529276
1	3.5254555
1	3.5034413
1	3.5034757
1	3.5465107
1	3.5068517
1	3.5069413
1	3.5033636
1	3.5068257
1	3.5069585
1	3.5069427
1	3.5129304
1	3.5116172
1	3.5130217
1	3.5116053
1	3.5069554
1	3.5140672
1	3.5309463
1	3.526545
1	3.5268242
1	3.5529337
1	3.5305443
1	3.5266564
1	3.5266755
1	3.5232427
1	3.5232942
1	3.5108366
1	3.5109262
1	3.531992
1	3.5108938
1	3.5196595
1	3.536174
1	3.5362093
1	3.5197597
1	3.518869
1	3.5540214
1	3.5190437
1	3.5536885
1	3.5189583
1	3.5128605
1	3.502612
1	3.5025787
1	3.4974976
1	3.5245702
1	3.515121
1	3.5115442
1	3.51155
1	3.5165355
1	3.511566
1	3.5139809
1	3.5223036
1	3.5140111
1	3.5181355
1	3.505808
1	3.5078888
1	3.496174
1	3.49621
1	3.4979057
1	3.499558
1	3.497901
1	3.4978776
1	3.5021958
1	3.530248
1	3.4908192
1	3.4914188
1	3.494956
1	3.494899
1	3.5036435
1	3.508356
1	3.5125668
1	3.5038145
1	3.5125287
1	3.50821
1	3.5119617
1	3.5150213
1	3.5150237
1	3.515021
1	3.4959502
1	3.4945054
1	3.500142
1	3.4971404
1	3.500172
1	3.495809
1	3.5032473
1	3.5169065
1	3.5183773
1	3.5034115
1	3.5168493
1	3.5033638
1	3.4981375
1	3.505172
1	3.5003874
1	3.4974155
1	3.4981232
1	3.540822
1	3.5207875
1	3.5239193
1	3.5210543
1	3.5165906
1	3.521567
1	3.5094738
1	3.524229
1	3.5143228
1	3.5305214
1	3.5127428
1	3.504291
1	3.511909
1	3.5106926
1	3.528535
1	3.5299857
1	3.5300536
1	3.5290341
1	3.5290146
1	3.5100355
1	3.5029786
1	3.5045733
1	3.508155
1	3.5079968
1	3.5017707
1	3.4994237
1	3.505497
1	3.4995317
1	3.4994895
1	3.5170453
1	3.5097876
1	3.509552
1	3.5103173
1	3.5098214
1	3.5098243
1	3.511557
1	3.5107653
1	3.510844
1	3.5152812
1	3.5195909
1	3.5168347
1	3.5153418
1	3.5195665
1	3.513482
1	3.509837
1	3.5097985
1	3.5092
1	3.5091643
1	3.5097642
1	3.5126693
1	3.5087597
1	3.501132
1	3.4991188
1	3.54676
1	3.546774
1	3.5486493
1	3.5272245
1	3.527697
1	3.5076876
1	3.500886
1	3.5009189
1	3.5028071
1	3.509384
1	3.5009093
1	3.533336
1	3.5404277
1	3.5331705
1	3.5403125
1	3.509551
1	3.5103035
1	3.5099905
1	3.5113063
1	3.5062482
1	3.536165
1	3.5518951
1	3.551799
1	3.5487385
1	3.5489259
1	3.536024
1	3.51941
1	3.5160685
1	3.5160487
1	3.510025
1	3.5217435
1	3.5073338
1	3.5117402
1	3.526724
1	3.503494
1	3.5268373
1	3.5234675
1	3.526618
1	3.5196466
1	3.540721
1	3.515142
1	3.540261
1	3.5406303
1	3.546309
1	3.5233638
1	3.532502
1	3.5400906
1	3.5402265
1	3.5080583
1	3.5143063
1	3.5071812
1	3.5198631
1	3.5198038
1	3.508725
1	3.507974
1	3.5271635
1	3.524613
1	3.5270689
1	3.5070038
1	3.5209503
1	3.5236337
1	3.5239408
1	3.5068607
1	3.5045426
1	3.5227456
1	3.518995
1	3.5114813
1	3.5115595
1	3.5104113
1	3.5125036
1	3.5108342
1	3.499554
1	3.515536
1	3.5041432
1	3.5225892
1	3.5000749
1	3.5108948
1	3.542884
1	3.5323994
1	3.5378408
1	3.504174
1	3.504193
1	3.5133204
1	3.5428677
1	3.513612
1	3.5084825
1	3.5114107
1	3.5088675
1	3.5280097
1	3.5088253
1	3.522255
1	3.5114002
1	3.5231357
1	3.5333729
1	3.5241618
1	3.5123093
1	3.5241883
1	3.5340655
1	3.5342984
1	3.5338912
1	3.527167
1	3.5271475
1	3.5105512
1	3.5002747
1	3.500415
1	3.506824
1	3.4968328
1	3.510621
1	3.5106447
1	3.5133944
1	3.5003111
1	3.5173876
1	3.5333664
1	3.5049047
1	3.5068467
1	3.5070314
1	3.5069172
1	3.5344696
1	3.5141416
1	3.5141318
1	3.5160348
1	3.538521
1	3.5145524
1	3.5219722
1	3.519724
1	3.5407374
1	3.516945
1	3.5219393
1	3.5272171
1	3.5295746
1	3.5169537
1	3.5171492
1	3.5169442
1	3.5099242
1	3.5694072
1	3.5102277
1	3.5495913
1	3.5737472
1	3.5536995
1	3.5670998
1	3.5672653
1	3.511516
1	3.522569
1	3.4976852
1	3.4961827
1	3.4977365
1	3.4962401
1	3.5114737
1	3.4977932
1	3.4979143
1	3.4977744
1	3.4985933
1	3.5254993
1	3.498977
1	3.5093155
1	3.5149596
1	3.5124617
1	3.5040715
1	3.507659
1	3.5148854
1	3.5155723
1	3.5448523
1	3.5287232
1	3.5010426
1	3.5254455
1	3.5285962
1	3.5287004
1	3.522751
1	3.5265236
1	3.5206263
1	3.5246606
1	3.5204177
1	3.520659
1	3.5204759
1	3.5264955
1	3.5138636
1	3.5094612
1	3.5080473
1	3.5375571
1	3.5289109
1	3.5140862
1	3.5391173
1	3.556223
1	3.5088203
1	3.5096164
1	3.5286942
1	3.5227702
1	3.5228448
1	3.5228865
1	3.5331585
1	3.5251455
1	3.5329163
1	3.544318
1	3.498783
1	3.5246243
1	3.510533
1	3.499045
1	3.5011792
1	3.4970858
1	3.5088534
1	3.5091927
1	3.536386
1	3.5467741
1	3.5465133
1	3.5119925
1	3.5162935
1	3.5203137
1	3.5092025
1	3.532569
1	3.5203226
1	3.5203295
1	3.5240772
1	3.509277
1	3.5067732
1	3.5085423
1	3.5080025
1	3.5080013
2	3.5071063
2	3.5209167
2	3.506804
2	3.50688
2	3.5241466
2	3.5192323
2	3.5616322
2	3.524079
2	3.52112
2	3.5044494
2	3.5044947
2	3.5057032
2	3.5210872
2	3.504491
2	3.504507
2	3.5242324
2	3.5191457
2	3.5191743
2	3.5242286
2	3.524235
2	3.5327625
2	3.5203662
2	3.5378675
2	3.5148444
2	3.5139241
2	3.5270987
2	3.537866
2	3.5531707
2	3.5201075
2	3.5409012
2	3.5528085
2	3.5559626
2	3.5970783
2	3.5227377
2	3.5240862
2	3.5272884
2	3.525123
2	3.524371
2	3.5268927
2	3.5244179
2	3.5267637
2	3.5268104
2	3.5070267
2	3.532551
2	3.52042
2	3.5013626
2	3.5205407
2	3.5205579
2	3.521447
2	3.5214114
2	3.5256906
2	3.5222626
2	3.5205648
2	3.5095732
2	3.5096333
2	3.5036485
2	3.510363
2	3.5078423
2	3.503769
2	3.5249805
2	3.5241737
2	3.5870316
2	3.6369517
2	3.586699
2	3.5561838
2	3.525411
2	3.562387
2	3.5624456
2	3.524461
2	3.5083225
2	3.5100474
2	3.5459185
2	3.5355887
2	3.5431416
2	3.5522933
2	3.5174475
2	3.5079505
2	3.5131135
2	3.5123453
2	3.516813
2	3.5173912
2	3.52902
2	3.5291
2	3.5468483
2	3.5528839
2	3.5459452
2	3.5476131
2	3.5583432
2	3.5352378
2	3.5460424
2	3.5355973
2	3.5580437
2	3.5094872
2	3.5339177
2	3.515218
2	3.5095735
2	3.5332258
2	3.5152056
2	3.4989805
2	3.4991212
2	3.5475621
2	3.5446315
2	3.5505493
2	3.5446103
2	3.527537
2	3.5045176
2	3.505657
2	3.5046422
2	3.5044885
2	3.5091662
2	3.5062704
2	3.5073607
2	3.5073743
2	3.5183887
2	3.5247493
2	3.5214214
2	3.518376
2	3.519192
2	3.5201564
2	3.5204153
2	3.5256982
2	3.5135684
2	3.5275612
2	3.527533
2	3.5217078
2	3.5265737
2	3.5191486
2	3.5115254
2	3.514108
2	3.5141723
2	3.5114841
2	3.513853
2	3.5141475
2	3.5138097
2	3.5127401
2	3.4930854
2	3.518921
2	3.5248914
2	3.4878004
2	3.5149655
2	3.5073414
2	3.5074613
2	3.5073087
2	3.50776
2	3.5056617
2	3.5073004
2	3.5101159
2	3.5109143
2	3.5417
2	3.51015
2	3.524218
2	3.510242
2	3.6077387
2	3.5895994
2	3.5208154
2	3.5215368
2	3.5893018
2	3.5211341
2	3.5785134
2	3.5275996
2	3.5121396
2	3.5123222
2	3.5218248
2	3.5065033
2	3.50926
2	3.5092444
2	3.5091598
2	3.5091302
2	3.5380554
2	3.5236332
2	3.5214176
2	3.5235276
2	3.5087616
2	3.505588
2	3.5104873
2	3.506372
2	3.5087397
2	3.506377
2	3.5063517
2	3.5077543
2	3.5094123
2	3.5096622
2	3.5146868
2	3.539668
2	3.5302095
2	3.514788
2	3.5235136
2	3.5123665
2	3.5146863
2	3.5201907
2	3.512426
2	3.520145
2	3.5101829
2	3.5124094
2	3.5021288
2	3.521006
2	3.52243
2	3.5022645
2	3.504912
2	3.519208
2	3.519106
2	3.516274
2	3.538554
2	3.5143297
2	3.514515
2	3.5363817
2	3.5427785
2	3.538604
2	3.5763726
2	3.5892606
2	3.5115118
2	3.5762353
2	3.511945
2	3.52779
2	3.527747
2	3.5068836
2	3.506831
2	3.505485
2	3.5115137
2	3.4952888
2	3.5025482
2	3.5092907
2	3.51148
2	3.5107856
2	3.5138557
2	3.5208526
2	3.5156035
2	3.510845
2	3.5108118
2	3.5095487
2	3.5108166
2	3.4945564
2	3.5003726
2	3.500041
2	3.4971461
2	3.494515
2	3.5000443
2	3.5139952
2	3.5001802
2	3.507799
2	3.5002294
2	3.5152102
2	3.497826
2	3.5139668
2	3.4976249
2	3.4975958
2	3.526043
2	3.5172677
2	3.5154734
2	3.5185385
2	3.520854
2	3.5185802
2	3.5105188
2	3.5198655
2	3.5153224
2	3.5138488
2	3.5199244
2	3.5152543
2	3.515235
2	3.5076785
2	3.506063
2	3.5141823
2	3.5902889
2	3.5287597
2	3.512553
2	3.5356374
2	3.5131586
2	3.511939
2	3.504245
2	3.4997768
2	3.5067446
2	3.5042553
2	3.5042582
2	3.4980721
2	3.501465
2	3.4983497
2	3.5038292
2	3.498334
2	3.498338
2	3.5134208
2	3.5204532
2	3.5148726
2	3.5100367
2	3.5100174
2	3.508706
2	3.5090973
2	3.5069718
2	3.5201714
2	3.500875
2	3.5137172
2	3.5009012
2	3.5060465
2	3.5091088
2	3.5065615
2	3.5066311
2	3.5051134
2	3.5060387
2	3.5064511
2	3.507712
2	3.5076895
2	3.5122216
2	3.5076394
2	3.5077002
2	3.508261
2	3.50762
2	3.521492
2	3.5432768
2	3.5175369
2	3.531581
2	3.526827
2	3.5259922
2	3.5316257
2	3.5265105
2	3.5101104
2	3.5107138
2	3.5179372
2	3.503733
2	3.5179625
2	3.5100796
2	3.5100677
2	3.5195045
2	3.5194871
2	3.5195358
2	3.5203285
2	3.5115428
2	3.518639
2	3.5199428
2	3.518691
2	3.5198975
2	3.5235252
2	3.5480838
2	3.5352721
2	3.512332
2	3.5237174
2	3.5141501
2	3.539241
2	3.5392122
2	3.511951
2	3.51195
2	3.5152173
2	3.512004
2	3.5119982
2	3.5109568
2	3.51167
2	3.5016932
2	3.5306048
2	3.5585074
2	3.530927
2	3.527081
2	3.5310938
2	3.5309525
2	3.5736103
2	3.5214705
2	3.512918
2	3.525795
2	3.509018
2	3.5382164
2	3.5509543
2	3.5287087
2	3.5391288
2	3.5379126
2	3.5508952
2	3.5289059
2	3.5468783
2	3.5215833
2	3.5145903
2	3.5267744
2	3.519452
2	3.5551844
2	3.5524216
2	3.540109
2	3.5257478
2	3.5056412
2	3.5175233
2	3.509995
2	3.5058894
2	3.5175571
2	3.5187843
2	3.5181835
2	3.583222
2	3.5291805
2	3.504984
2	3.5052028
2	3.5185547
2	3.5051668
2	3.5027878
2	3.5110211
2	3.510334
2	3.526035
2	3.566318
2	3.5538988
2	3.5660636
2	3.5660753
2	3.5293663
2	3.5660474
2	3.4988809
2	3.5087895
2	3.5087733
2	3.4959812
2	3.5129843
2	3.4958558
2	3.5079231
2	3.5083747
2	3.5215025
2	3.5286286
2	3.5051749
2	3.5056126
2	3.5056252
2	3.5039768
2	3.5056295
2	3.5245566
2	3.5190876
2	3.5035
2	3.5082002
2	3.5082557
2	3.5110476
2	3.5015173
2	3.5025814
2	3.5131428
2	3.5025842
2	3.501514
2	3.5016086
2	3.5170617
2	3.5110965
2	3.5187416
2	3.506797
2	3.5068285
2	3.5105073
2	3.509478
2	3.5028985
2	3.4963229
2	3.4935224
2	3.518422
2	3.5127678
2	3.5275605
2	3.515867
2	3.5080318
2	3.5079384
2	3.5172858
2	3.5172546
2	3.5157762
2	3.5156956
2	3.5104697
2	3.5105252
2	3.5153859
2	3.506308
2	3.5277853
2	3.5278044
2	3.5207233
2	3.50255
2	3.4987688
2	3.4957428
2	3.4957414
2	3.506494
2	3.4987152
2	3.5064893
2	3.5160959
2	3.51507
2	3.5333548
2	3.5344908
2	3.5072165
2	3.5072265
2	3.5073528
2	3.50738
2	3.510015
2	3.5159454
2	3.515189
2	3.542224
2	3.5162725
2	3.526854
3	3.5119693
3	3.524592
3	3.511956
3	3.531409
3	3.523375
3	3.5233533
3	3.5244803
3	3.516163
3	3.5234685
3	3.536369
3	3.5221953
3	3.5104568
3	3.5199504
3	3.5198417
3	3.513431
3	3.5144408
3	3.5134194
3	3.5133805
3	3.5136948
3	3.5134103
3	3.5269477
3	3.5379958
3	3.5269766
3	3.5335522
3	3.5242085
3	3.5259094
3	3.524065
3	3.5329833
3	3.53302
3	3.5418673
3	3.5418484
3	3.5478883
3	3.5319085
3	3.530382
3	3.5631697
3	3.5103545
3	3.519557
3	3.5260239
3	3.5197225
3	3.5197122
3	3.5226533
3	3.5074956
3	3.5074005
3	3.506194
3	3.522553
3	3.5023003
3	3.5047975
3	3.5114195
3	3.5022233
3	3.5154567
3	3.5069065
3	3.5069265
3	3.4989052
3	3.4989102
3	3.498958
3	3.4984312
3	3.49777
3	3.5511389
3	3.5691316
3	3.5512512
3	3.516058
3	3.5690277
3	3.5512524
3	3.5123997
3	3.4996843
3	3.4987886
3	3.4998274
3	3.4998622
3	3.5123234
3	3.5025358
3	3.4987354
3	3.5241442
3	3.5239367
3	3.4989753
3	3.4993572
3	3.5016615
3	3.5094934
3	3.5088518
3	3.50886
3	3.5220785
3	3.5339036
3	3.5339355
3	3.5012884
3	3.5337834
3	3.5019844
3	3.5014644
3	3.5354395
3	3.533739
3	3.5211039
3	3.5210624
3	3.542047
3	3.5212426
3	3.5344913
3	3.5323453
3	3.5211732
3	3.5443707
3	3.5238311
3	3.5186105
3	3.510563
3	3.5139031
3	3.5184684
3	3.5107918
3	3.5106125
3	3.5141475
3	3.5105906
3	3.5148132
3	3.5167165
3	3.5156884
3	3.5211008
3	3.5148003
3	3.5156536
3	3.5156634
3	3.5112803
3	3.5113182
3	3.5181043
3	3.5100389
3	3.510045
3	3.5537171
3	3.546571
3	3.5260148
3	3.5323179
3	3.5464177
3	3.5324414
3	3.5153577
3	3.5398564
3	3.544846
3	3.5385425
3	3.5229273
3	3.5398064
3	3.5154321
3	3.5384984
3	3.5163836
3	3.5243196
3	3.5162354
3	3.516466
3	3.5150015
3	3.5148761
3	3.5228856
3	3.5897532
3	3.5277424
3	3.5415838
3	3.528113
3	3.5346808
3	3.600376
3	3.509638
3	3.5129101
3	3.5070596
3	3.5095468
3	3.5070899
3	3.507106
3	3.507095
3	3.4995272
3	3.5572627
3	3.524564
3	3.5091295
3	3.5375085
3	3.5372863
3	3.5265162
3	3.5264091
3	3.5437136
3	3.5156717
3	3.531458
3	3.5323324
3	3.515539
3	3.5007994
3	3.5155482
3	3.5150175
3	3.5339456
3	3.5411024
3	3.5364072
3	3.5026927
3	3.5363069
3	3.503579
3	3.5035934
3	3.5124767
3	3.5194626
3	3.5650997
3	3.539947
3	3.5130644
3	3.5167954
3	3.520626
3	3.516843
3	3.5216496
3	3.5226247
3	3.5329094
3	3.513622
3	3.5028033
3	3.5050726
3	3.5014048
3	3.50181
3	3.5181293
3	3.5493646
3	3.5542378
3	3.5184264
3	3.5109315
3	3.4965525
3	3.5131116
3	3.4965687
3	3.5095618
3	3.51827
3	3.5155191
3	3.507692
3	3.505807
3	3.5196033
3	3.5035977
3	3.5035954
3	3.4993548
3	3.509828
3	3.499497
3	3.4994555
3	3.4994316
3	3.5010948
3	3.500999
3	3.5012946
3	3.5012002
3	3.5107741
3	3.5092402
3	3.5204797
3	3.5204873
3	3.5100791
3	3.510023
3	3.5100403
3	3.51027
3	3.513936
3	3.5080311
3	3.5080557
3	3.508298
3	3.5113606
3	3.5325334
3	3.5045538
3	3.5177758
3	3.5047035
3	3.518517
3	3.5135424
3	3.5174212
3	3.5184057
3	3.4947824
3	3.5183828
3	3.5331576
3	3.5140705
3	3.5124269
3	3.517759
3	3.511972
3	3.5074558
3	3.5120442
3	3.4983697
3	3.4994369
3	3.5011604
3	3.4994626
3	3.500454
3	3.5150907
3	3.5010786
3	3.4998393
3	3.5637481
3	3.6465564
3	3.5342135
3	3.5382113
3	3.5377672
3	3.5071435
3	3.507171
3	3.5071366
3	3.5073142
3	3.507193
3	3.502794
3	3.5158484
3	3.4988995
3	3.4980564
3	3.498059
3	3.4980657
3	3.4989095
3	3.499859
3	3.4998627
3	3.5133944
3	3.5133815
3	3.5081203
3	3.5000212
3	3.5132625
3	3.4999785
3	3.5316625
3	3.5173473
3	3.5021052
3	3.4980376
3	3.4982135
3	3.5067053
3	3.5109143
3	3.5055506
3	3.5108984
3	3.5060875
3	3.5066671
3	3.513225
3	3.5067165
3	3.506752
3	3.5037508
3	3.5142553
3	3.5111015
3	3.5107777
3	3.5107512
3	3.510776
3	3.5130334
3	3.5012546
3	3.5119958
3	3.5243895
3	3.5092058
3	3.5054464
3	3.5064688
3	3.5076747
3	3.508287
3	3.5120196
3	3.5065787
3	3.5065339
3	3.5054588
3	3.5069463
3	3.5068648
3	3.5074494
3	3.5216932
3	3.5074148
3	3.5108614
3	3.510547
3	3.5048678
3	3.5018198
3	3.505226
3	3.500504
3	3.5018797
3	3.4997206
3	3.5052369
3	3.5301738
3	3.5220852
3	3.530194
3	3.530163
3	3.509211
3	3.5058289
3	3.5083385
3	3.50976
3	3.5555897
3	3.5554686
3	3.5361538
3	3.5551095
3	3.529427
3	3.5292344
3	3.5292215
3	3.548469
3	3.5193095
3	3.5192924
3	3.5387611
3	3.5257416
3	3.5228126
3	3.5117922
3	3.5118518
3	3.5204985
3	3.5148375
3	3.520494
3	3.5103066
3	3.497297
3	3.521803
3	3.515833
3	3.5104175
3	3.5474277
3	3.5474539
3	3.5017362
3	3.4924104
3	3.5051794
3	3.5184891
3	3.5287259
3	3.5185575
3	3.5201437
3	3.5026646
3	3.5134597
3	3.505561
3	3.5055099
3	3.5246065
3	3.5155969
3	3.5113225
3	3.5113459
3	3.5236573
3	3.519078
3	3.5113087
3	3.511951
3	3.512172
3	3.523995
3	3.5113966
3	3.5069227
3	3.5081813
3	3.5244858
3	3.524502
3	3.5364757
3	3.600141
3	3.5152771
3	3.5389442
3	3.541103
3	3.5411587
3	3.5151572
3	3.5310633
3	3.5194075
3	3.5414984
3	3.5309625
3	3.5135798
3	3.5335047
3	3.5362353
3	3.546126
3	3.5064495
3	3.505229
3	3.524635
3	3.5085037
3	3.5120234
3	3.512175
3	3.5245337
3	3.5203552
3	3.5283966
3	3.533082
3	3.5186424
3	3.5185218
3	3.5283017
3	3.5282314
3	3.5028288
3	3.5104976
3	3.5164876
3	3.5218651
3	3.51163
3	3.536006
3	3.5117402
3	3.5126576
3	3.5117927
3	3.5121737
3	3.5048532
3	3.5053961
3	3.5062404
3	3.5163126
3	3.5210133
3	3.5393815
3	3.537117
3	3.5393615
3	3.5277238
3	3.5206685
3	3.528478
3	3.5440395
3	3.513719
3	3.5129955
3	3.5153608
3	3.5155206
3	3.4990153
3	3.4964626
3	3.5004096
3	3.497587
3	3.4996457
3	3.500472
3	3.4981532
3	3.4996536
3	3.5151408
3	3.5091968
3	3.509185
3	3.5100284
3	3.509949
3	3.5062013
3	3.5019598
3	3.5274675
3	3.5474641
3	3.558183
3	3.5296025
3	3.546851
3	3.640141
3	3.523786
3	3.6401167
3	3.5121527
3	3.5264504
3	3.5226812
3	3.5207405
3	3.5207999
3	3.5360487
3	3.536797
3	3.555734
3	3.5368714
3	3.536223
3	3.5370452
3	3.5185957
3	3.5185287
3	3.524701
3	3.5247319
3	3.5235505
3	3.5274425
3	3.5316143
3	3.5185237
3	3.503953
3	3.5039861
3	3.5020885
3	3.5040064
3	3.5039806
3	3.5081387
3	3.5233846
3	3.509401
3	3.5110605
3	3.5310507
4	3.5111127
4	3.5140786
4	3.5270224
4	3.5218248
4	3.522766
4	3.5152676
4	3.5132065
4	3.5134761
4	3.5131617
4	3.5133061
4	3.5235534
4	3.5132704
4	3.527424
4	3.5032482
4	3.5331235
4	3.5174894
4	3.5086498
4	3.5087206
4	3.5085428
4	3.501673
4	3.5012252
4	3.5012298
4	3.5173607
4	3.4985135
4	3.5172322
4	3.4996033
4	3.523706
4	3.5215616
4	3.5239208
4	3.5398197
4	3.5585613
4	3.5215485
4	3.5116177
4	3.5105586
4	3.517342
4	3.5153663
4	3.5116675
4	3.510606
4	3.4956956
4	3.4957538
4	3.5050907
4	3.505117
4	3.5048919
4	3.4958947
4	3.4957576
4	3.5062463
4	3.5062158
4	3.5042508
4	3.5111072
4	3.50423
4	3.50423
4	3.5124464
4	3.5125737
4	3.5124347
4	3.5134964
4	3.5038712
4	3.503865
4	3.5088205
4	3.5130548
4	3.5146663
4	3.5144835
4	3.513172
4	3.5141735
4	3.5142286
4	3.5142827
4	3.5216105
4	3.5046315
4	3.5062346
4	3.5076308
4	3.5124345
4	3.5123587
4	3.5088334
4	3.5087438
4	3.5467496
4	3.5345407
4	3.5472107
4	3.5472026
4	3.528669
4	3.5111284
4	3.5066178
4	3.5127783
4	3.51277
4	3.509933
4	3.5206165
4	3.52221
4	3.521929
4	3.507538
4	3.509921
4	3.5116968
4	3.497239
4	3.4971352
4	3.5031724
4	3.52067
4	3.5150733
4	3.5091522
4	3.5097632
4	3.51783
4	3.504909
4	3.5158958
4	3.5046031
4	3.510266
4	3.508902
4	3.498839
4	3.508901
4	3.496418
4	3.4988728
4	3.5021813
4	3.5018468
4	3.5031202
4	3.499402
4	3.5240724
4	3.510324
4	3.5275788
4	3.5103807
4	3.5103
4	3.5144534
4	3.5144105
4	3.5143063
4	3.4997554
4	3.5080009
4	3.5038552
4	3.5173597
4	3.5171714
4	3.5171282
4	3.5268478
4	3.5328803
4	3.5329309
4	3.5360131
4	3.5128472
4	3.5191174
4	3.493802
4	3.5113711
4	3.5022845
4	3.5113027
4	3.5083914
4	3.5103102
4	3.5113735
4	3.5103426
4	3.511376
4	3.5027843
4	3.5103316
4	3.5038326
4	3.5038545
4	3.5109937
4	3.5106444
4	3.5124993
4	3.5129938
4	3.5125213
4	3.5122056
4	3.5001032
4	3.4979253
4	3.497932
4	3.506903
4	3.4966006
4	3.5158114
4	3.5160282
4	3.5125213
4	3.5158906
4	3.5149326
4	3.4985178
4	3.5000114
4	3.4985285
4	3.4985442
4	3.4966075
4	3.5333266
4	3.5033534
4	3.4993222
4	3.5131183
4	3.5119596
4	3.5166788
4	3.5137944
4	3.5119662
4	3.5057952
4	3.5057032
4	3.503119
4	3.5222757
4	3.5404954
4	3.5118876
4	3.5097198
4	3.5086432
4	3.5234601
4	3.5139785
4	3.5086868
4	3.5085607
4	3.5085502
4	3.5426016
4	3.5162635
4	3.542427
4	3.515169
4	3.5515802
4	3.515501
4	3.5152981
4	3.551499
4	3.51683
4	3.5513792
4	3.499762
4	3.4997303
4	3.5031304
4	3.4997087
4	3.4997451
4	3.5084097
4	3.5094805
4	3.5079627
4	3.5042925
4	3.5091403
4	3.504791
4	3.5141602
4	3.5217168
4	3.51619
4	3.51619
4	3.516177
4	3.5236084
4	3.5255733
4	3.5204487
4	3.523482
4	3.5148418
4	3.5148115
4	3.5207574
4	3.5198617
4	3.5169706
4	3.5168598
4	3.5340812
4	3.5410533
4	3.517485
4	3.5483758
4	3.5356612
4	3.5360727
4	3.5211337
4	3.512123
4	3.51119
4	3.5283961
4	3.5070806
4	3.5070918
4	3.5122411
4	3.4986043
4	3.499293
4	3.4992485
4	3.4992504
4	3.4984984
4	3.4985013
4	3.4992867
4	3.5000494
4	3.5000052
4	3.504877
4	3.5048196
4	3.5095096
4	3.5045533
4	3.5448391
4	3.504991
4	3.51114
4	3.5245702
4	3.5150795
4	3.5057113
4	3.5150268
4	3.5125089
4	3.5132651
4	3.5165043
4	3.518459
4	3.5209894
4	3.5339496
4	3.533997
4	3.521021
4	3.527077
4	3.5338962
4	3.5118322
4	3.521322
4	3.5110803
4	3.5110173
4	3.5160947
4	3.552746
4	3.5730157
4	3.5164104
4	3.5156176
4	3.5051577
4	3.5043707
4	3.5040522
4	3.4981587
4	3.4960935
4	3.4961457
4	3.501389
4	3.4982324
4	3.4906626
4	3.5186343
4	3.5110562
4	3.5213158
4	3.5157497
4	3.5030007
4	3.5106459
4	3.5153127
4	3.4987316
4	3.498661
4	3.52458
4	3.5119548
4	3.5143673
4	3.511972
4	3.5120277
4	3.5246334
4	3.5241222
4	3.516524
4	3.5132875
4	3.5151207
4	3.5300007
4	3.5060146
4	3.5060813
4	3.5082312
4	3.506065
4	3.5060265
4	3.5114667
4	3.4961765
4	3.4992077
4	3.496228
4	3.524152
4	3.5083466
4	3.5150626
4	3.508757
4	3.5149708
4	3.535639
4	3.5308347
4	3.5280924
4	3.5417247
4	3.5436716
4	3.5067492
4	3.5434468
4	3.5100698
4	3.545834
4	3.544817
4	3.5708342
4	3.5461693
4	3.5798464
4	3.5459485
4	3.5062764
4	3.5102792
4	3.5724366
4	3.5351706
4	3.5121596
4	3.5245912
4	3.5121865
4	3.5181787
4	3.5246663
4	3.5762131
4	3.545928
4	3.5323305
4	3.554438
4	3.5487456
4	3.5588617
4	3.5270438
4	3.5586627
4	3.5088568
4	3.5009222
4	3.508811
4	3.5088286
4	3.5090976
4	3.5025504
4	3.5195503
4	3.5196147
4	3.5245857
4	3.52458
4	3.5284474
4	3.5222292
4	3.51437
4	3.5233877
4	3.5234427
4	3.514441
4	3.5680752
4	3.5437462
4	3.5102038
4	3.515349
4	3.515846
4	3.5197716
4	3.520757
4	3.5207217
4	3.5263581
4	3.5304308
4	3.5262213
4	3.51598
4	3.5241992
4	3.5165887
4	3.503829
4	3.5242693
4	3.5038452
4	3.528707
4	3.5291064
4	3.5185394
4	3.510694
4	3.5286512
4	3.5290463
4	3.510747
4	3.5065875
4	3.5158947
4	3.5159497
4	3.50596
4	3.526562
4	3.5123181
4	3.526492
4	3.5238888
4	3.507322
4	3.5021229
4	3.498606
4	3.4985998
4	3.5022054
4	3.4984953
4	3.4984899
4	3.5367575
4	3.536697
4	3.51087
4	3.5108747
4	3.4994688
4	3.4994617
4	3.499441
4	3.4988747
4	3.499446
4	3.5066795
4	3.503751
4	3.5063498
4	3.5036721
4	3.5066822
4	3.540913
4	3.5245268
4	3.5065103
4	3.499273
4	3.4990087
4	3.4988813
4	3.5064626
4	3.49735
4	3.4990587
4	3.5133674
4	3.5133173
4	3.5033386
4	3.5034251
4	3.5132778
4	3.4993823
4	3.5235655
4	3.5258632
4	3.5066257
4	3.4995782
4	3.5120184
4	3.5211444
4	3.5373218
4	3.5386782
4	3.521213
4	3.538489
4	3.5134008
4	3.5133414
4	3.5079856
4	3.513163
4	3.5131707
4	3.5079722
4	3.5278378
4	3.5025918
4	3.5716364
4	3.6204576
4	3.5910206
4	3.620218
4	3.518059
4	3.5048504
4	3.5086992
4	3.5121517
4	3.4987674
4	3.4987643
4	3.5110898
4	3.505004
4	3.5165133
4	3.510998
4	3.5162835
4	3.5041244
4	3.5040991
4	3.564517
5	3.5264454
5	3.5639873
5	3.5268376
5	3.5087442
5	3.5080998
5	3.506497
5	3.5080633
5	3.512076
5	3.5164907
5	3.5164552
5	3.5149765
5	3.5150232
5	3.5205553
5	3.5149894
5	3.5132837
5	3.5150013
5	3.5235176
5	3.508315
5	3.5235126
5	3.506906
5	3.514204
5	3.5141468
5	3.512284
5	3.5106544
5	3.5122337
5	3.5122237
5	3.5107048
5	3.5122077
5	3.5234137
5	3.5134122
5	3.5271401
5	3.5286527
5	3.527055
5	3.5092726
5	3.5229728
5	3.5088835
5	3.5224771
5	3.5194173
5	3.5195992
5	3.519762
5	3.5194638
5	3.5172524
5	3.515119
5	3.5173984
5	3.5139794
5	3.5174744
5	3.5174441
5	3.5075612
5	3.5147595
5	3.5107734
5	3.5185843
5	3.5504315
5	3.5440893
5	3.5439339
5	3.5230577
5	3.5224633
5	3.5099251
5	3.5104032
5	3.5215976
5	3.529833
5	3.531795
5	3.516849
5	3.514396
5	3.5195184
5	3.5168102
5	3.514415
5	3.5162656
5	3.5185509
5	3.5185304
5	3.5322697
5	3.5346518
5	3.5097303
5	3.5216303
5	3.5321023
5	3.53447
5	3.508734
5	3.510889
5	3.5165663
5	3.5109417
5	3.5165508
5	3.5259507
5	3.514355
5	3.512091
5	3.5157394
5	3.5120597
5	3.5156
5	3.5066028
5	3.5249438
5	3.5212083
5	3.5079434
5	3.4987833
5	3.5010104
5	3.5051131
5	3.505075
5	3.5010455
5	3.5418315
5	3.543966
5	3.574323
5	3.5550036
5	3.506794
5	3.5066915
5	3.5066643
5	3.506833
5	3.5066516
5	3.5066445
5	3.5489774
5	3.519679
5	3.5042737
5	3.5090868
5	3.5091372
5	3.503924
5	3.5086515
5	3.5047576
5	3.5063148
5	3.541651
5	3.5441031
5	3.5405865
5	3.5405655
5	3.5081954
5	3.5230036
5	3.5116787
5	3.5048742
5	3.5049129
5	3.5196393
5	3.513956
5	3.519598
5	3.507268
5	3.5260675
5	3.5139735
5	3.507809
5	3.507789
5	3.521611
5	3.5075269
5	3.50829
5	3.5109339
5	3.5233412
5	3.5170555
5	3.512227
5	3.5171309
5	3.5221653
5	3.523263
5	3.5122867
5	3.5066442
5	3.5095215
5	3.5095077
5	3.5100124
5	3.5098531
5	3.5052242
5	3.505164
5	3.519847
5	3.5139513
5	3.5051808
5	3.5092528
5	3.5104592
5	3.5142658
5	3.5141625
5	3.5140977
5	3.4993799
5	3.5141013
5	3.5140297
5	3.5140238
5	3.524202
5	3.524768
5	3.5228343
5	3.5292518
5	3.5333676
5	3.590694
5	3.501618
5	3.5904422
5	3.5020077
5	3.5111713
5	3.5229347
5	3.5141082
5	3.5229273
5	3.5119553
5	3.5028028
5	3.5065706
5	3.50682
5	3.5110707
5	3.5028362
5	3.5024314
5	3.5121088
5	3.5120378
5	3.5120215
5	3.509157
5	3.5367398
5	3.5254803
5	3.5433521
5	3.536646
5	3.530174
5	3.5107381
5	3.528909
5	3.5272489
5	3.5225234
5	3.5130634
5	3.513064
5	3.5199795
5	3.5469534
5	3.5473661
5	3.5475569
5	3.5475993
5	3.5472372
5	3.5097024
5	3.5009444
5	3.502078
5	3.5055437
5	3.5009568
5	3.5003505
5	3.5003777
5	3.5010128
5	3.5074103
5	3.5076745
5	3.5074255
5	3.5160158
5	3.507668
5	3.5073879
5	3.5084207
5	3.5011728
5	3.5067468
5	3.5011911
5	3.5282836
5	3.5116768
5	3.5224743
5	3.5223882
5	3.5468817
5	3.528613
5	3.5286765
5	3.5360847
5	3.529386
5	3.5360904
5	3.5078502
5	3.507879
5	3.507831
5	3.5159137
5	3.5054092
5	3.504283
5	3.509982
5	3.5099535
5	3.5043058
5	3.5207162
5	3.5279846
5	3.5075917
5	3.5277576
5	3.503524
5	3.5074162
5	3.5062857
5	3.5104103
5	3.5100403
5	3.5140162
5	3.51398
5	3.5167594
5	3.5161643
5	3.5186381
5	3.51787
5	3.516293
5	3.508586
5	3.522325
5	3.511013
5	3.5089042
5	3.5094051
5	3.5198503
5	3.5440655
5	3.5415626
5	3.5948803
5	3.5965858
5	3.5373564
5	3.5444486
5	3.5963123
5	3.5374365
5	3.5180593
5	3.527136
5	3.52066
5	3.5181262
5	3.5067236
5	3.51222
5	3.5122254
5	3.5066137
5	3.506528
5	3.4981961
5	3.497202
5	3.4948401
5	3.4957726
5	3.4948366
5	3.498165
5	3.508398
5	3.5105371
5	3.529447
5	3.5441284
5	3.5227242
5	3.536707
5	3.5366807
5	3.521679
5	3.5352628
5	3.5352545
5	3.5215726
5	3.5250502
5	3.5249672
5	3.5282798
5	3.5190382
5	3.5495431
5	3.519312
5	3.5366442
5	3.5166028
5	3.5134487
5	3.5117319
5	3.5134325
5	3.5256367
5	3.527947
5	3.5049844
5	3.5049992
5	3.5255013
5	3.527814
5	3.5261073
5	3.5263805
5	3.5204897
5	3.5216932
5	3.520516
5	3.5017042
5	3.5168087
5	3.5038743
5	3.5026357
5	3.5020108
5	3.507998
5	3.5087123
5	3.5096345
5	3.5113244
5	3.5189562
5	3.5317926
5	3.516619
5	3.516559
5	3.531775
5	3.5115612
5	3.5103495
5	3.5123632
5	3.510345
5	3.5115654
5	3.5112913
5	3.520837
5	3.5188766
5	3.514277
5	3.5188422
5	3.5208158
5	3.519629
5	3.4986882
5	3.5089426
5	3.50248
5	3.504847
5	3.4986567
5	3.508918
5	3.5025022
5	3.4989083
5	3.500014
5	3.4989686
5	3.5356388
5	3.5398078
5	3.523359
5	3.515236
5	3.5427036
5	3.5109553
5	3.515301
5	3.499966
5	3.4999752
5	3.5154672
5	3.50003
5	3.5111525
5	3.5068922
5	3.504527
5	3.5069027
5	3.5310013
5	3.5235739
5	3.53091
5	3.5309143
5	3.5236475
5	3.5307117
5	3.5132325
5	3.524287
5	3.5109735
5	3.5145214
5	3.513197
5	3.5115716
5	3.5097458
5	3.5116355
5	3.509374
5	3.5092936
5	3.5093713
5	3.5110126
5	3.5162783
5	3.5184848
5	3.5184803
5	3.5106091
5	3.5179105
5	3.5167062
5	3.5120125
5	3.5115132
5	3.5112267
5	3.5237744
5	3.5237155
5	3.5070238
5	3.5265193
5	3.507977
5	3.5069146
5	3.5074558
5	3.5156388
5	3.5156336
5	3.51429
5	3.5488224
5	3.5476313
5	3.500446
5	3.503665
5	3.50949
5	3.5094972
5	3.5082946
5	3.5083318
5	3.5042322
5	3.521164
5	3.5279167
5	3.5279007
5	3.52087
5	3.5240219
5	3.495293
5	3.4936905
5	3.5238934
5	3.5310688
5	3.5503824
5	3.5292416
5	3.5588918
5	3.5150487
5	3.5312557
5	3.5351892
5	3.5151193
5	3.5057468
5	3.5045214
5	3.5044668
5	3.5044377
5	3.5039911
5	3.5039299
5	3.5030665
5	3.5039723
5	3.5430584
5	3.5298233
5	3.5171642
5	3.518141
5	3.5198371
5	3.5182385
5	3.5915575
5	3.651431
5	3.5697873
5	3.616355
5	3.6512814
5	3.5685978
5	3.5216756
5	3.5317717
5	3.5368707
5	3.5188963
5	3.5217962
5	3.535832
5	3.5334632
5	3.5336843
5	3.5220046
5	3.5199928
5	3.520236
5	3.541561
5	3.538242
5	3.5415163
5	3.539249
5	3.5327582
5	3.5238209
5	3.5297167
5	3.5238526
5	3.5224843
5	3.5224805
5	3.5406656
5	3.5225348
5	3.5225487
6	3.522504
6	3.6384416
6	3.6516106
6	3.6055431
6	3.6373062
6	3.706555
6	3.6511862
6	3.5746362
6	3.6372669
6	3.5740132
6	3.5491068
6	3.5741918
6	3.561038
6	3.5606077
6	3.574213
6	3.5518537
6	3.5266194
6	3.5519526
6	3.5246484
6	3.57233
6	3.5205798
6	3.5720215
6	3.5240335
6	3.5954585
6	3.5094862
6	3.6807923
6	3.6908956
6	3.522949
6	3.5314472
6	3.523125
6	3.5231369
6	3.5299757
6	3.5295455
6	3.5249243
6	3.556255
6	3.5684445
6	3.5558825
6	3.5194628
6	3.5300152
6	3.5195897
6	3.5501766
6	3.5379086
6	3.5415068
6	3.546698
6	3.5589027
6	3.5562944
6	3.5645316
6	3.5394697
6	3.5218058
6	3.519606
6	3.5195804
6	3.5305333
6	3.55845
6	3.5507026
6	3.5306096
6	3.541281
6	3.6160407
6	3.5485878
6	3.5617766
6	3.5617757
6	3.5619512
6	3.5507941
6	3.5702863
6	3.5786538
6	3.547337
6	3.5693035
6	3.5296912
6	3.5295362
6	3.5301192
6	3.5352225
6	3.5826252
6	3.5826948
6	3.530125
6	3.5367143
6	3.5227466
6	3.536874
6	3.5228138
6	3.524334
6	3.518323
6	3.5238667
6	3.518495
6	3.5185294
6	3.5240614
6	3.509553
6	3.532812
6	3.5111506
6	3.5501862
6	3.5113757
6	3.550119
6	3.5278137
6	3.6140676
6	3.614067
6	3.5298135
6	3.5166793
6	3.607648
6	3.5094724
6	3.4947076
6	3.5897446
6	3.5544353
6	3.6067872
6	3.5560791
6	3.608906
6	3.629889
6	3.5649703
6	3.5761874
6	3.6225383
6	3.6084762
6	3.5268285
6	3.55488
6	3.5218945
6	3.5269964
6	3.51367
6	3.526667
6	3.548072
6	3.5479093
6	3.51879
6	3.515557
6	3.5177617
6	3.5156388
6	3.5125458
6	3.5240586
6	3.5305705
6	3.5340123
6	3.53398
6	3.530405
6	3.5414233
6	3.5656846
6	3.5507393
6	3.5473533
6	3.5473552
6	3.5568159
6	3.5474725
6	3.5505545
6	3.566264
6	3.5751388
6	3.598487
6	3.5206993
6	3.5600848
6	3.5211008
6	3.5283983
6	3.5271878
6	3.5311348
6	3.55791
6	3.5309708
6	3.5208874
6	3.5519311
6	3.5518122
6	3.5111766
6	3.533946
6	3.562035
6	3.5586526
6	3.5620892
6	3.5510335
6	3.5478027
6	3.5900874
6	3.5904572
6	3.5897357
6	3.5482454
6	3.628125
6	3.5264342
6	3.5255802
6	3.550732
6	3.5539439
6	3.5535057
6	3.553881
6	3.5603468
6	3.533427
6	3.5607462
6	3.5126717
6	3.508521
6	3.5571187
6	3.6003294
6	3.5128067
6	3.5130482
6	3.5119193
6	3.5160782
6	3.5150504
6	3.5312552
6	3.530495
6	3.5148923
6	3.5594416
6	3.5406384
6	3.5405846
6	3.5335133
6	3.5182128
6	3.5569797
6	3.5139804
6	3.557287
6	3.5569816
6	3.5826871
6	3.5134177
6	3.522174
6	3.5818496
6	3.6257463
6	3.5818722
6	3.5090146
6	3.5089903
6	3.584826
6	3.5574844
6	3.5665998
6	3.5945575
6	3.5637598
6	3.5657778
6	3.595851
6	3.566043
6	3.59429
6	3.5637684
6	3.5518248
6	3.5516307
6	3.548277
6	3.5482364
6	3.5517383
6	3.5516992
6	3.5517247
6	3.5573506
6	3.5142574
6	3.5298867
6	3.5565667
6	3.5632393
6	3.5567317
6	3.5695095
6	3.5388706
6	3.5591707
6	3.5439887
6	3.5591288
6	3.5695565
6	3.5401082
6	3.5783954
6	3.564936
6	3.5543537
6	3.5720623
6	3.5542579
6	3.507564
6	3.53524
6	3.5077033
6	3.5396323
6	3.5077102
6	3.537694
6	3.5375726
6	3.5564823
6	3.5482788
6	3.5327404
6	3.5375352
6	3.512843
6	3.5356767
6	3.5188227
6	3.513026
6	3.5430965
6	3.5129585
6	3.5324328
6	3.5479805
6	3.5482807
6	3.5373657
6	3.5437822
6	3.601202
6	3.601356
6	3.5920305
6	3.537796
6	3.544218
6	3.5261889
6	3.5460382
6	3.5604632
6	3.5499966
6	3.5060885
6	3.5062518
6	3.5499868
6	3.5422196
6	3.5488052
6	3.5421348
6	3.5422683
6	3.5360987
6	3.5232637
6	3.5395138
6	3.505215
6	3.511242
6	3.5271246
6	3.505349
6	3.5144172
6	3.5152135
6	3.5300515
6	3.520694
6	3.515213
6	3.6788692
6	3.5796978
6	3.5033946
6	3.5090652
6	3.5068417
6	3.5230205
6	3.5500467
6	3.5231292
6	3.5241754
6	3.5535932
6	3.517289
6	3.5723867
6	3.5705037
6	3.582354
6	3.5705223
6	3.526349
6	3.55258
6	3.5584586
6	3.5523834
6	3.5194216
6	3.5266106
6	3.5375118
6	3.5460083
6	3.5397794
6	3.5474482
6	3.571765
6	3.5376859
6	3.5583608
6	3.5755272
6	3.6027493
6	3.6026042
6	3.5076578
6	3.6162374
6	3.6329615
6	3.6327448
6	3.6154504
6	3.6153715
6	3.5633094
6	3.5632715
6	3.5285854
6	3.5283623
6	3.5286415
6	3.5705183
6	3.5630338
6	3.5657191
6	3.5654976
6	3.5655646
6	3.5436966
6	3.5188146
6	3.5132363
6	3.5714102
6	3.5433407
6	3.5714073
6	3.6153412
6	3.6328886
6	3.5352283
6	3.5521026
6	3.5554097
6	3.5467243
6	3.5577328
6	3.5602298
6	3.5489106
6	3.5402966
6	3.5448935
6	3.5449789
6	3.5378804
6	3.54894
6	3.5361133
6	3.535999
6	3.5695581
6	3.5289338
6	3.53573
6	3.5355628
6	3.5324376
6	3.5354114
6	3.5400667
6	3.564138
6	3.5622594
6	3.5681036
6	3.5690403
6	3.5622506
6	3.5622535
6	3.5133572
6	3.5327704
6	3.5130563
6	3.5619237
6	3.5510297
6	3.5307221
6	3.567493
6	3.5361977
6	3.5988681
6	3.5952773
6	3.5987773
6	3.5377443
6	3.516339
6	3.5483704
6	3.530818
6	3.5483038
6	3.5343544
6	3.5180943
6	3.506572
6	3.5064416
6	3.5059073
6	3.5105667
6	3.5192661
6	3.5064654
6	3.5274954
6	3.6217544
6	3.6366725
6	3.6047883
6	3.620811
6	3.5772707
6	3.5773852
6	3.6210225
6	3.5447004
6	3.5426722
6	3.544652
6	3.5446744
6	3.56105
6	3.537807
6	3.5286176
6	3.510438
6	3.5112429
6	3.5257864
6	3.510909
6	3.5297277
6	3.5731862
6	3.5720806
6	3.5803094
6	3.572793
6	3.5728388
6	3.5915065
6	3.5175772
6	3.559441
6	3.5510316
6	3.5420225
6	3.5591257
6	3.506324
6	3.5062833
6	3.5277138
6	3.5065215
6	3.5115733
6	3.527534
6	3.5064154
6	3.5501783
6	3.5326295
6	3.5326605
6	3.5219414
6	3.5505161
6	3.550433
6	3.5269213
6	3.528659
6	3.5267441
6	3.5722947
6	3.549599
6	3.5380912
6	3.5496254
6	3.6387014
6	3.6384568
6	3.5762825
6	3.6375802
6	3.5771823
6	3.5713103
6	3.6201067
6	3.6047955
6	3.5959647
6	3.5915034
6	3.626473
6	3.6204758
6	3.6265776
6	3.6226268
6	3.5343301
6	3.5343013
6	3.5454519
6	3.5346062
6	3.5351071
6	3.5354338
6	3.5354838
6	3.5350595
6	3.5355394
6	3.5656042
6	3.5328512
6	3.5341072
6	3.71171
6	3.711518
6	3.534768
6	3.7102978
6	3.5360062
6	3.5370188
6	3.5417805
6	3.5516696
6	3.5516095
6	3.5406678
6	3.5516624
6	3.5409794
6	3.5325942
6	3.5067477
6	3.5066907
6	3.52197
6	3.5067658
6	3.625718
6	3.5156054
6	3.524785
6	3.5758114
6	3.5136638
6	3.535911
6	3.5124054
6	3.5055153
6	3.5139089
6	3.5874925
6	3.5117617
7	3.5163736
7	3.5450842
7	3.5508275
7	3.537517
7	3.5146544
7	3.5230927
7	3.5230753
7	3.5266862
7	3.5159328
7	3.5277119
7	3.5234423
7	3.535331
7	3.5216765
7	3.5395443
7	3.5216002
7	3.491952
7	3.511061
7	3.6689444
7	3.669174
7	3.6845198
7	3.510025
7	3.6182237
7	3.5404992
7	3.5439835
7	3.5451045
7	3.5404842
7	3.554753
7	3.5460954
7	3.5426993
7	3.5150616
7	3.5599518
7	3.5169933
7	3.5593708
7	3.5386176
7	3.5161817
7	3.5344648
7	3.5162287
7	3.5162294
7	3.5161717
7	3.5227058
7	3.5716639
7	3.5794926
7	3.5792189
7	3.541917
7	3.527
7	3.5321422
7	3.5315514
7	3.5227098
7	3.5227857
7	3.5287738
7	3.5288422
7	3.5648077
7	3.5280366
7	3.5230987
7	3.54252
7	3.547441
7	3.5277019
7	3.537794
7	3.542397
7	3.544282
7	3.5612624
7	3.5563793
7	3.552543
7	3.5442324
7	3.5564003
7	3.5312724
7	3.517364
7	3.5312715
7	3.5312939
7	3.5313776
7	3.5386856
7	3.5354862
7	3.53131
7	3.5702877
7	3.5335362
7	3.5449696
7	3.5449102
7	3.5702357
7	3.534537
7	3.5336354
7	3.5332031
7	3.5262313
7	3.5351534
7	3.5279522
7	3.5279698
7	3.5273657
7	3.5321474
7	3.5989847
7	3.610613
7	3.528065
7	3.5328026
7	3.5108283
7	3.5262384
7	3.547861
7	3.5475917
7	3.5591636
7	3.5374842
7	3.5593488
7	3.537695
7	3.565501
7	3.527412
7	3.5475104
7	3.503061
7	3.500014
7	3.564279
7	3.5011096
7	3.500475
7	3.5035114
7	3.504074
7	3.5004745
7	3.5260482
7	3.5260665
7	3.5122051
7	3.5081282
7	3.5259461
7	3.5244486
7	3.5123253
7	3.553328
7	3.5601788
7	3.5736377
7	3.5693614
7	3.5534067
7	3.5447755
7	3.527962
7	3.544932
7	3.551844
7	3.5671966
7	3.5523996
7	3.5413349
7	3.5413952
7	3.5316296
7	3.603572
7	3.6028776
7	3.5322182
7	3.5739107
7	3.5696845
7	3.6180048
7	3.7135901
7	3.7020068
7	3.6171386
7	3.7128985
7	3.5706248
7	3.5746357
7	3.5318432
7	3.538242
7	3.5328648
7	3.534635
7	3.5315537
7	3.5329642
7	3.5347276
7	3.5316234
7	3.5317059
7	3.5316458
7	3.568133
7	3.5280614
7	3.5279667
7	3.5102503
7	3.549746
7	3.5103846
7	3.5402074
7	3.5401917
7	3.545354
7	3.5448475
7	3.5133686
7	3.5244732
7	3.5446112
7	3.5446315
7	3.5957875
7	3.582579
7	3.5305429
7	3.574916
7	3.5312264
7	3.5309656
7	3.5193887
7	3.5273263
7	3.5279117
7	3.5194526
7	3.5278504
7	3.6528592
7	3.625578
7	3.5712037
7	3.5682497
7	3.5505862
7	3.5592782
7	3.5505276
7	3.5142462
7	3.504688
7	3.5502605
7	3.5050554
7	3.5145812
7	3.5397987
7	3.5150516
7	3.5963902
7	3.573761
7	3.5455647
7	3.5157356
7	3.5451612
7	3.515523
7	3.5285468
7	3.5299232
7	3.514878
7	3.5284317
7	3.5078883
7	3.528651
7	3.5276034
7	3.5154507
7	3.5678246
7	3.5209572
7	3.5210247
7	3.5835404
7	3.58292
7	3.5225108
7	3.5222325
7	3.5828457
7	3.5223036
7	3.5231469
7	3.5071306
7	3.5224252
7	3.5351179
7	3.531548
7	3.538132
7	3.5444064
7	3.5444195
7	3.535708
7	3.5103786
7	3.5211859
7	3.5355606
7	3.5213108
7	3.5105045
7	3.537449
7	3.55132
7	3.541844
7	3.5599186
7	3.559735
7	3.5770378
7	3.5597482
7	3.5499415
7	3.5533736
7	3.554054
7	3.5246534
7	3.5247173
7	3.5538588
7	3.5249956
7	3.5548034
7	3.5463371
7	3.5290122
7	3.5485103
7	3.5291123
7	3.5321956
7	3.5611787
7	3.5111113
7	3.519993
7	3.511445
7	3.561019
7	3.537697
7	3.5872135
7	3.5522034
7	3.5299792
7	3.5486012
7	3.583219
7	3.528017
7	3.5229397
7	3.5290768
7	3.5314095
7	3.5191405
7	3.5429587
7	3.6822379
7	3.6921256
7	3.5434775
7	3.5484757
7	3.547947
7	3.5376406
7	3.5484867
7	3.5301921
7	3.6698225
7	3.6697927
7	3.518993
7	3.707284
7	3.5316064
7	3.6684272
7	3.5966535
7	3.5819077
7	3.6082282
7	3.6123893
7	3.5818198
7	3.566708
7	3.5574553
7	3.6216097
7	3.558087
7	3.5303416
7	3.5709565
7	3.5697634
7	3.532451
7	3.5704281
7	3.5244658
7	3.5979075
7	3.5288978
7	3.5953736
7	3.5287623
7	3.588348
7	3.5080976
7	3.5079741
7	3.5854108
7	3.508417
7	3.5233932
7	3.6192112
7	3.6234047
7	3.6183934
7	3.5327883
7	3.518928
7	3.5189822
7	3.5189352
7	3.549199
7	3.5192664
7	3.5192807
7	3.5518148
7	3.5518212
7	3.5192847
7	3.519164
7	3.6137452
7	3.5195394
7	3.544016
7	3.5869493
7	3.5345407
7	3.513286
7	3.535225
7	3.587017
7	3.6301584
7	3.6471395
7	3.659928
7	3.59632
7	3.630232
7	3.6472085
7	3.5468855
7	3.5706904
7	3.5888934
7	3.5701842
7	3.5701115
7	3.5907807
7	3.573123
7	3.5582886
7	3.5581381
7	3.5581884
7	3.5483618
7	3.555086
7	3.6375854
7	3.6625595
7	3.5356405
7	3.5370326
7	3.5425773
7	3.537213
7	3.5354567
7	3.5500488
7	3.5975733
7	3.5268369
7	3.5179722
7	3.6090004
7	3.5199919
7	3.5166228
7	3.5166197
7	3.497452
7	3.523676
7	3.516559
7	3.5096784
7	3.550488
7	3.5654092
7	3.5114093
7	3.524325
7	3.5933962
7	3.556236
7	3.562791
7	3.5754046
7	3.5107033
7	3.5747504
7	3.507516
7	3.507555
7	3.5449538
7	3.5417871
7	3.5369835
7	3.539312
7	3.5336246
7	3.5392997
7	3.5325255
7	3.5152574
7	3.5153222
7	3.520627
7	3.5368955
7	3.5368173
7	3.560761
7	3.545301
7	3.5192075
7	3.5109932
7	3.5196555
7	3.5195322
7	3.5488322
7	3.507719
7	3.5120022
7	3.5181823
7	3.5140228
7	3.5237904
7	3.552718
7	3.5525227
7	3.5239627
7	3.5268133
7	3.553187
7	3.523996
7	3.529858
7	3.5143173
7	3.5142803
7	3.523114
7	3.5499601
7	3.5508459
7	3.5506916
7	3.5728288
7	3.5689056
7	3.5157204
7	3.5732532
7	3.5163722
7	3.5144124
7	3.515698
7	3.5170975
7	3.5252583
7	3.5148957
7	3.514892
7	3.5171018
7	3.5510201
7	3.5248988
7	3.5323439
7	3.5324898
7	3.525109
7	3.550807
7	3.573329
7	3.546702
7	3.5627558
7	3.562799
7	3.5531693
7	3.573216
7	3.562743
7	3.545076
7	3.5269725
7	3.5270827
7	3.5450125
7	3.5441213
7	3.5416126
7	3.5415447
7	3.5463457
7	3.541652
7	3.5051847
7	3.5417998
7	3.5415897
7	3.5035582
7	3.5054622
7	3.5036104
7	3.568864
7	3.5688066
7	3.5378566
7	3.5349774
7	3.6287193
7	3.5971246
7	3.5690358
7	3.6294656
7	3.5994558
7	3.5994601
7	3.6093519
7	3.5695362
7	3.6290834
7	3.5177298
7	3.5570807
7	3.5724494
7	3.5567954
7	3.5180936
7	3.5272515
7	3.5664492
7	3.5401545
7	3.5663733
7	3.5552852
7	3.5975275
7	3.5975132
7	3.5453706
7	3.5453374
7	3.5412712
7	3.54537
7	3.5554636
7	3.6021957
7	3.5558462
7	3.5961728
7	3.5556822
7	3.507956
7	3.5046477
7	3.5239332
7	3.5080814
7	3.5196097
7	3.5196247
7	3.5633101
7	3.575672
7	3.5628753
7	3.5401464
7	3.5156584
7	3.5193677
7	3.5193672
7	3.5161896
7	3.519387
7	3.530909
7	3.5276716
8	3.530947
8	3.521666
8	3.5035553
8	3.5052762
8	3.5191188
8	3.503878
8	3.5038881
8	3.6465797
8	3.5473802
8	3.6676247
8	3.6683507
8	3.5403538
8	3.529136
8	3.5291176
8	3.5397801
8	3.5291882
8	3.5396943
8	3.5292082
8	3.5177345
8	3.5051093
8	3.5090497
8	3.5192416
8	3.5192487
8	3.5351863
8	3.5585132
8	3.5578117
8	3.5521097
8	3.5222406
8	3.5243764
8	3.5224738
8	3.5224886
8	3.5224779
8	3.5100338
8	3.5996556
8	3.5996492
8	3.599646
8	3.5310333
8	3.5255182
8	3.5592165
8	3.5339746
8	3.55904
8	3.5682232
8	3.5590317
8	3.5964832
8	3.5874295
8	3.5416546
8	3.5961323
8	3.5484657
8	3.5420628
8	3.5373363
8	3.5596228
8	3.5373206
8	3.5229106
8	3.518988
8	3.5664716
8	3.5778756
8	3.5895991
8	3.5896997
8	3.5139341
8	3.5260358
8	3.5212753
8	3.5240538
8	3.5253148
8	3.5119007
8	3.5400405
8	3.528254
8	3.5153499
8	3.5243838
8	3.5244055
8	3.524347
8	3.5139697
8	3.5243618
8	3.6155572
8	3.516724
8	3.5246847
8	3.6342568
8	3.5503383
8	3.5867221
8	3.5502672
8	3.5864508
8	3.5860171
8	3.5503404
8	3.5040774
8	3.504599
8	3.611559
8	3.6099427
8	3.6070697
8	3.615965
8	3.6159925
8	3.6067603
8	3.5459952
8	3.5845983
8	3.5846066
8	3.5843298
8	3.5283804
8	3.5250373
8	3.534049
8	3.525597
8	3.5249758
8	3.5877502
8	3.528079
8	3.5199828
8	3.5217566
8	3.5199947
8	3.5242674
8	3.5242143
8	3.5662427
8	3.5347066
8	3.574885
8	3.529842
8	3.5214338
8	3.517318
8	3.5212915
8	3.5205832
8	3.5171525
8	3.5172014
8	3.5166886
8	3.5167499
8	3.5028443
8	3.5079398
8	3.5079098
8	3.5121074
8	3.5079083
8	3.5154347
8	3.502844
8	3.5120912
8	3.5079436
8	3.5458531
8	3.5474255
8	3.544715
8	3.545977
8	3.5885496
8	3.5856764
8	3.5803027
8	3.5726202
8	3.581994
8	3.572642
8	3.585727
8	3.5820508
8	3.5264318
8	3.5564475
8	3.5279152
8	3.5268326
8	3.6200666
8	3.5062819
8	3.5075524
8	3.5910769
8	3.6233766
8	3.565021
8	3.5521674
8	3.5605502
8	3.5603833
8	3.529719
8	3.5231752
8	3.526694
8	3.5231514
8	3.531314
8	3.5255864
8	3.4953654
8	3.494883
8	3.4959884
8	3.4952564
8	3.4999309
8	3.541486
8	3.541863
8	3.5486097
8	3.5408552
8	3.5409124
8	3.50549
8	3.5027885
8	3.512885
8	3.5173745
8	3.4996603
8	3.5462337
8	3.5358906
8	3.5359156
8	3.5267224
8	3.575276
8	3.5593781
8	3.5590818
8	3.590741
8	3.5373025
8	3.5410597
8	3.5457442
8	3.5415614
8	3.5685856
8	3.6159549
8	3.569189
8	3.5688987
8	3.5227423
8	3.524734
8	3.6167784
8	3.6167681
8	3.523248
8	3.5525174
8	3.552217
8	3.541944
8	3.5522633
8	3.5522566
8	3.5453553
8	3.5461373
8	3.5616078
8	3.5459168
8	3.5618458
8	3.5462568
8	3.5471444
8	3.5567148
8	3.5568306
8	3.532106
8	3.5289726
8	3.5289369
8	3.5532866
8	3.5533845
8	3.5531712
8	3.5542743
8	3.5542805
8	3.5258975
8	3.5154643
8	3.5177689
8	3.5178406
8	3.5159285
8	3.525841
8	3.5210667
8	3.5342984
8	3.534284
8	3.5210917
8	3.5432873
8	3.6042624
8	3.6126032
8	3.6037962
8	3.552091
8	3.523325
8	3.523292
8	3.5487304
8	3.5487914
8	3.54037
8	3.5209131
8	3.543046
8	3.5739155
8	3.545805
8	3.571525
8	3.573719
8	3.5372632
8	3.545811
8	3.611666
8	3.590195
8	3.6074414
8	3.543193
8	3.5104043
8	3.5104637
8	3.5403001
8	3.5330863
8	3.5351427
8	3.533012
8	3.523029
8	3.5295835
8	3.5222282
8	3.5287635
8	3.5295742
8	3.5597997
8	3.5657148
8	3.5598726
8	3.565707
8	3.5351102
8	3.5523076
8	3.5790827
8	3.5353904
8	3.5648832
8	3.5449414
8	3.5522566
8	3.5446074
8	3.5335016
8	3.594221
8	3.5921872
8	3.5320575
8	3.5917668
8	3.5428321
8	3.5396714
8	3.5243578
8	3.5391545
8	3.5256119
8	3.5391693
8	3.581638
8	3.5528603
8	3.5531046
8	3.5638256
8	3.5840387
8	3.5730624
8	3.570043
8	3.5554855
8	3.5699182
8	3.5167534
8	3.5936744
8	3.5792842
8	3.593734
8	3.5208902
8	3.5533514
8	3.5531857
8	3.5237732
8	3.5211003
8	3.5087428
8	3.5105119
8	3.6870937
8	3.5875115
8	3.5872006
8	3.5554051
8	3.587446
8	3.5511303
8	3.5478227
8	3.516982
8	3.5411036
8	3.5267344
8	3.5662513
8	3.5714617
8	3.5661533
8	3.5140166
8	3.514571
8	3.5202591
8	3.5321562
8	3.5332162
8	3.6116586
8	3.6117692
8	3.5546184
8	3.5500743
8	3.5500941
8	3.5506866
8	3.6112096
8	3.5381887
8	3.5161638
8	3.5155482
8	3.5399618
8	3.5105639
8	3.5226567
8	3.5283363
8	3.525115
8	3.5250547
8	3.5251603
8	3.5664973
8	3.548749
8	3.5257897
8	3.5255818
8	3.58301
8	3.5345223
8	3.5162053
8	3.5126576
8	3.516314
8	3.5314865
8	3.5145125
8	3.5593371
8	3.5351682
8	3.542482
8	3.5591497
8	3.5649464
8	3.5617728
8	3.5829878
8	3.5819902
8	3.5656068
8	3.5126743
8	3.5248466
8	3.5156684
8	3.5248237
8	3.5179868
8	3.5127187
8	3.5227072
8	3.5034404
8	3.5113258
8	3.5226789
8	3.5324993
8	3.5266705
8	3.512467
8	3.5177164
8	3.526049
8	3.5277162
8	3.5259235
8	3.512521
8	3.5311408
8	3.553203
8	3.5672998
8	3.5451345
8	3.5319533
8	3.5565312
8	3.539065
8	3.5321145
8	3.5673122
8	3.5602765
8	3.5201886
8	3.559815
8	3.522451
8	3.528959
8	3.5128322
8	3.5082724
8	3.5289135
8	3.5288804
8	3.504531
8	3.528866
8	3.5719523
8	3.5515854
8	3.5717845
8	3.5619395
8	3.5501099
8	3.5502877
8	3.5498524
8	3.520576
8	3.5275452
8	3.5292063
8	3.527475
8	3.5291505
8	3.5177238
8	3.5224955
8	3.5303073
8	3.5256965
8	3.5257373
8	3.5302715
8	3.530301
8	3.530309
8	3.5194042
8	3.5194092
8	3.5290518
8	3.5291228
8	3.51943
8	3.5856848
8	3.5967667
8	3.5852027
8	3.5962741
8	3.5372598
8	3.5350358
8	3.5328078
8	3.5682356
8	3.5677176
8	3.5342624
8	3.533368
8	3.5359077
8	3.5670857
8	3.5668845
8	3.566285
8	3.5494204
8	3.5677547
8	3.5362053
8	3.5676665
8	3.544015
8	3.6800578
8	3.6865482
8	3.6139948
8	3.6863453
8	3.6208503
8	3.686039
8	3.5075705
8	3.5185635
8	3.5076115
8	3.5185473
8	3.5040705
8	3.5109262
8	3.5145257
8	3.521296
8	3.5119135
8	3.5109804
8	3.514498
8	3.6658118
8	3.6658125
8	3.5190504
8	3.6637452
8	3.6637402
8	3.6642723
8	3.663736
8	3.4993243
8	3.5106168
8	3.5156555
8	3.5104902
8	3.5216494
8	3.5154233
8	3.5545135
8	3.580558
8	3.6265593
8	3.529865
8	3.5544865
8	3.555205
8	3.510507
8	3.5673587
8	3.5113635
8	3.5213385
8	3.5212955
8	3.5281072
8	3.5213747
8	3.5280755
8	3.5215888
8	3.5213525
8	3.849391
8	3.8499775
8	3.6129797
8	3.8474486
8	3.5490851
8	3.5318694
8	3.5332296
8	3.532249
8	3.5490658
8	3.5568047
8	3.5822492
8	3.5605133
8	3.513231
8	3.572021
8	3.5689893
8	3.5792327
8	3.5657864
8	3.5790794
8	3.5688696
8	3.5427227
8	3.5426722
8	3.5435743
8	3.539489
8	3.5309992
8	3.5524378
8	3.5396714
8	3.5311916
8	3.5620942
8	3.5621033
8	3.5646052
9	3.551671
9	3.5621483
9	3.5456333
9	3.5597897
9	3.5591152
9	3.57102
9	3.5615973
9	3.5455768
9	3.5534992
9	3.5729094
9	3.553714
9	3.5712843
9	3.5291445
9	3.5218701
9	3.5687106
9	3.5681
9	3.5683308
9	3.5339587
9	3.5399408
9	3.5365129
9	3.537436
9	3.5622888
9	3.5611224
9	3.534704
9	3.5258825
9	3.5259404
9	3.5323153
9	3.5418973
9	3.5313547
9	3.532649
9	3.541953
9	3.53271
9	3.531226
9	3.5313861
9	3.5520139
9	3.5086703
9	3.513211
9	3.5132618
9	3.5086236
9	3.5171819
9	3.581765
9	3.5567956
9	3.529868
9	3.5234876
9	3.5300505
9	3.5581756
9	3.6168423
9	3.5351958
9	3.6162984
9	3.616266
9	3.5426664
9	3.5651844
9	3.5983272
9	3.5647156
9	3.5432253
9	3.5870087
9	3.5208597
9	3.5450156
9	3.5453665
9	3.5683932
9	3.5683389
9	3.5455143
9	3.5557287
9	3.5535936
9	3.554099
9	3.5132341
9	3.5284786
9	3.5121245
9	3.5603914
9	3.7458417
9	3.5619695
9	3.553214
9	3.5224516
9	3.5351799
9	3.5381486
9	3.538326
9	3.5384002
9	3.5351973
9	3.527834
9	3.5389743
9	3.5397072
9	3.5285149
9	3.538924
9	3.4969766
9	3.4989882
9	3.5444283
9	3.4994574
9	3.4995558
9	3.5439987
9	3.5331416
9	3.5554023
9	3.547834
9	3.6132946
9	3.6383438
9	3.548715
9	3.537804
9	3.5236073
9	3.5694532
9	3.5803137
9	3.5241716
9	3.5797195
9	3.524184
9	3.5170765
9	3.554071
9	3.5179796
9	3.518264
9	3.55408
9	3.549077
9	3.5605345
9	3.5603127
9	3.5488114
9	3.5249014
9	3.5249119
9	3.5254946
9	3.5493765
9	3.561098
9	3.5260503
9	3.5259652
9	3.5689392
9	3.5693245
9	3.569327
9	3.5693285
9	3.5220833
9	3.5224092
9	3.522416
9	3.5575159
9	3.5356953
9	3.5357058
9	3.61442
9	3.536567
9	3.5903645
9	3.5441756
9	3.569515
9	3.5702386
9	3.5182235
9	3.5552678
9	3.5647135
9	3.5694454
9	3.537292
9	3.5388906
9	3.5365558
9	3.5388064
9	3.536557
9	3.536554
9	3.5529506
9	3.552805
9	3.552806
9	3.5373347
9	3.5549672
9	3.5196278
9	3.5548992
9	3.5544362
9	3.5473464
9	3.5095782
9	3.5471034
9	3.5203314
9	3.5232906
9	3.5238209
9	3.5203156
9	3.5239115
9	3.5215847
9	3.5104651
9	3.5116348
9	3.5445998
9	3.5118222
9	3.5421796
9	3.6734776
9	3.6473327
9	3.6854994
9	3.6472468
9	3.562369
9	3.5623791
9	3.5865629
9	3.5634649
9	3.5780249
9	3.562849
9	3.5104768
9	3.5166366
9	3.5100436
9	3.519479
9	3.5342932
9	3.532373
9	3.5192785
9	3.5193877
9	3.5322611
9	3.519392
9	3.5928757
9	3.5924954
9	3.53539
9	3.6397662
9	3.6413927
9	3.638944
9	3.6389956
9	3.6389668
9	3.519769
9	3.5197563
9	3.5203824
9	3.56678
9	3.5620012
9	3.569317
9	3.566946
9	3.559463
9	3.544913
9	3.5449185
9	3.5439668
9	3.5360174
9	3.5449774
9	3.55205
9	3.5508134
9	3.5507627
9	3.5519083
9	3.5546203
9	3.5508165
9	3.6832094
9	3.682393
9	3.5482123
9	3.6805751
9	3.5595045
9	3.5214524
9	3.6084025
9	3.6100192
9	3.5383162
9	3.538184
9	3.544764
9	3.5371232
9	3.5512152
9	3.558778
9	3.5738115
9	3.5860658
9	3.5511146
9	3.573915
9	3.5921082
9	3.5037642
9	3.5937715
9	3.5917327
9	3.5592184
9	3.5592508
9	3.5048933
9	3.5291648
9	3.5052416
9	3.5236838
9	3.5293918
9	3.5590823
9	3.581118
9	3.5476837
9	3.5291803
9	3.5295243
9	3.5291307
9	3.5295587
9	3.5421607
9	3.5685403
9	3.518025
9	3.5670629
9	3.5669796
9	3.51018
9	3.5101728
9	3.531622
9	3.5575485
9	3.557375
9	3.5574188
9	3.5574143
9	3.5191312
9	3.5191388
9	3.5196176
9	3.5206919
9	3.519641
9	3.583118
9	3.5522766
9	3.5160756
9	3.52098
9	3.5227685
9	3.5284963
9	3.522773
9	3.5055618
9	3.5338974
9	3.5056858
9	3.5055256
9	3.523921
9	3.5257335
9	3.5193288
9	3.5204463
9	3.5719328
9	3.5805554
9	3.547828
9	3.5409045
9	3.53193
9	3.5048268
9	3.5052133
9	3.5048172
9	3.5069215
9	3.528265
9	3.5056076
9	3.5127966
9	3.5516503
9	3.538464
9	3.5058796
9	3.5083642
9	3.5802221
9	3.5519056
9	3.5574727
9	3.5870564
9	3.5484102
9	3.5484023
9	3.54842
9	3.5467184
9	3.5460958
9	3.5236351
9	3.55182
9	3.588728
9	3.5874207
9	3.5883784
9	3.5883794
9	3.5883827
9	3.5579185
9	3.565726
9	3.5652575
9	3.557976
9	3.5442128
9	3.5430787
9	3.5167854
9	3.5168128
9	3.602205
9	3.559435
9	3.563458
9	3.559168
9	3.5786047
9	3.5533123
9	3.5834727
9	3.5536597
9	3.598123
9	3.5798197
9	3.5782151
9	3.5798352
9	3.5798535
9	3.6189113
9	3.5292668
9	3.6180465
9	3.618051
9	3.5300806
9	3.6180506
9	3.5255647
9	3.5118284
9	3.511776
9	3.5278096
9	3.5855188
9	3.5881968
9	3.5880904
9	3.5880785
9	3.5471036
9	3.5220828
9	3.5110204
9	3.5264816
9	3.5112612
9	3.5112557
9	3.5262806
9	3.5150485
9	3.5623684
9	3.563163
9	3.5154998
9	3.56286
9	3.5155063
9	3.5602994
9	3.566604
9	3.5911748
9	3.563045
9	3.5654292
9	3.5653093
9	3.5653903
9	3.5630198
9	3.5141687
9	3.51436
9	3.5180511
9	3.5221055
9	3.5725079
9	3.616715
9	3.5036936
9	3.5018048
9	3.5092974
9	3.4981725
9	3.5439835
9	3.5119529
9	3.506937
9	3.5331235
9	3.541328
9	3.6080832
9	3.5516205
9	3.5830083
9	3.5362954
9	3.556301
9	3.5611405
9	3.5105689
9	3.524901
9	3.5250456
9	3.518795
9	3.5122814
9	3.5111558
9	3.502886
9	3.548372
9	3.5721505
9	3.5182009
9	3.5255618
9	3.5224688
9	3.5022821
9	3.5234137
9	3.50807
9	3.5158167
9	3.5498533
9	3.5163417
9	3.5042453
9	3.5264988
9	3.5290105
9	3.5861096
9	3.5223143
9	3.5051625
9	3.5418875
9	3.5306313
9	3.5209737
9	3.5220282
9	3.5962636
9	3.5262382
9	3.5584893
9	3.5531895
9	3.5189912
9	3.6271095
9	3.5429664
9	3.565315
9	3.517775
9	3.5120444
9	3.5041966
9	3.5143607
9	3.5225918
9	3.5149329
9	3.5268776
9	3.539154
9	3.5395632
9	3.519725
9	3.6245887
9	3.5023093
9	3.516974
9	3.5618887
9	3.560588
9	3.5275261
9	3.5049229
9	3.5093827
9	3.5797422
9	3.5070612
9	3.5470872
9	3.5450375
9	3.5350375
9	3.5361094
9	3.5381594
9	3.5975146
9	3.5365658
9	3.511396
9	3.566132
9	3.5193536
9	3.5080745
9	3.5095572
9	3.5330973
9	3.5486739
9	3.4990258
9	3.504171
9	3.5041428
9	3.4987173
9	3.5000658
9	3.5575447
9	3.5078251
9	3.560078
9	3.5080338
9	3.5173986
9	3.5125895
9	3.518507
9	3.5344117
9	3.5077472
9	3.5788937
9	3.5000246
9	3.53778
9	3.5269194
9	3.5396535
9	3.4993458
9	3.5197892
9	3.5019853
9	3.5399714
9	3.5522099
9	3.5197206
9	3.5500536
9	3.5448136
9	3.5186162
9	3.5176353
9	3.5305932
9	3.54045
9	3.508064
