Pair_ID	relatedness_score
6	3.6330335
7	3.4915495
8	3.4896364
1	3.5750215
1	3.5786753
1	3.4443932
1	3.4575772
1	3.5634656
1	3.5706754
1	3.5005476
2	3.5032167
2	3.4851594
2	3.5538938
2	3.5524716
2	3.4985504
2	3.5079417
3	3.572189
3	3.6187491
3	3.6375065
3	3.6316237
3	3.5745864
3	3.650598
3	3.6320953
3	3.639102
4	3.5285254
4	3.5159402
4	3.5370831
4	3.5309784
5	3.5319042
5	3.5311072
5	3.507886
5	3.4923584
5	3.4732416
5	3.509116
5	3.5206282
6	3.5196538
6	3.5177355
6	3.57188
6	3.548185
6	3.5690331
6	3.5438046
6	3.539742
6	3.5436888
7	3.5703359
7	3.4431598
7	3.4633117
7	3.4031029
8	3.4544485
8	3.623429
8	3.535193
9	3.5464635
9	3.548826
9	3.529433
1	3.5086598
1	3.5603428
1	3.5561278
1	3.5155866
1	3.5558615
1	3.5581503
1	3.5900264
1	3.5895348
1	3.5946386
1	3.5917416
1	3.618693
1	3.5907164
1	3.5761886
1	3.5758276
1	3.5675783
1	3.564348
1	3.527039
1	3.5269318
1	3.52544
1	3.5382342
1	3.5545614
1	3.6254373
1	3.5071697
1	3.6314113
1	3.5935054
1	3.5179863
1	3.5116985
1	3.4722157
1	3.4455938
1	3.4983454
1	3.494004
1	3.475494
1	3.4894323
1	3.4736433
1	3.596365
1	3.537034
1	3.5874584
1	3.5872688
1	3.5362124
1	3.4936001
1	3.496007
1	3.5286674
1	3.5276926
1	3.4990706
1	3.4994502
1	3.4921303
1	3.4990597
1	3.5571353
1	3.5623615
1	3.5560136
1	3.4880276
1	3.5065966
1	3.5080154
1	3.5076604
1	3.5069642
1	3.616909
1	3.621665
1	3.5905414
1	3.5874066
1	3.5916367
1	3.5886135
2	3.5992954
2	3.524282
2	3.535365
2	3.5940723
2	3.5244179
2	3.605849
2	3.6017795
2	3.5237393
2	3.5586014
2	3.529933
2	3.5398698
2	3.5344763
2	3.468189
2	3.530267
2	3.4959373
2	3.503524
2	3.4990582
2	3.5287983
2	3.3368511
2	3.3746257
2	3.3335652
2	3.3362594
2	3.373489
2	3.330153
2	3.3350563
2	3.3383803
2	3.3294811
2	3.6330476
2	3.5478907
2	3.5411823
2	3.53936
2	3.5458248
2	3.5430784
2	3.5458372
2	3.5561154
2	3.5915217
2	3.5333917
2	3.5380654
2	3.5168672
2	3.5370069
2	3.5069036
2	3.3831482
2	3.4592047
2	3.4583645
2	3.4971316
2	3.5327892
2	3.5373163
2	3.5323584
2	3.5286734
2	3.5322483
3	3.5397203
3	3.5335183
3	3.54685
3	3.4659386
3	3.5131056
3	3.4919834
3	3.5475745
3	3.5192099
3	3.5209856
3	3.5182648
3	3.6321578
3	3.497713
3	3.497108
3	3.6091237
3	3.6233552
3	3.6081724
3	3.567624
3	3.543943
3	3.549684
3	3.6053867
3	3.53751
3	3.5235705
3	3.5099263
3	3.5240812
3	3.6121137
3	3.609902
3	3.5974302
3	3.610353
3	3.6131005
3	3.5963864
3	3.6288362
3	3.6283634
3	3.6261528
3	3.6237729
3	3.4567735
3	3.4794981
3	3.571878
3	3.5817122
3	3.5742655
3	3.5807319
3	3.5375195
3	3.5372944
4	3.5539114
4	3.5647798
4	3.4684556
4	3.4622035
4	3.5554645
4	3.4745612
4	3.6477318
4	3.5134416
4	3.5858
4	3.635117
4	3.6466372
4	3.5119565
4	3.6061296
4	3.5977216
4	3.6751795
4	3.5967238
4	3.595214
4	3.5464864
4	3.566825
4	3.5924902
4	3.5085979
4	3.5365982
4	3.4980226
4	3.4820316
4	3.4509103
4	3.45709
4	3.4721236
4	3.4724488
4	3.5228605
4	3.5037165
4	3.5279338
4	3.5188088
4	3.5278072
4	3.5664153
4	3.4897616
4	3.4906025
4	3.554906
4	3.5181398
4	3.4931316
4	3.5356288
4	3.5223455
4	3.4929986
4	3.4879928
4	3.6005597
4	3.599164
4	3.5998878
4	3.500339
4	3.6634023
4	3.5455046
4	3.6721869
4	3.6545682
4	3.671709
4	3.566477
4	3.5957384
4	3.6320581
4	3.6360557
5	3.6320262
5	3.5095057
5	3.4956741
5	3.4950948
5	3.4313154
5	3.5207834
5	3.5044203
5	3.4890072
5	3.4778783
5	3.372253
5	3.372532
5	3.6260543
5	3.4498563
5	3.668236
5	3.512145
5	3.5814934
5	3.4761522
5	3.4774055
5	3.5157814
5	3.4686575
5	3.508597
5	3.6309958
5	3.5075636
5	3.501751
5	3.5096045
5	3.5120587
5	3.6028123
5	3.6898375
5	3.598811
5	3.5887632
5	3.6831565
5	3.597395
5	3.596743
5	3.5781472
5	3.5535922
5	3.5990252
5	3.5920587
5	3.5737352
5	3.5993452
5	3.5717926
5	3.5951085
5	3.5922878
5	3.5533576
5	3.5737572
5	3.7025118
5	3.7262676
5	3.5680037
5	3.5623488
5	3.6242385
5	3.7195115
5	3.5749722
5	3.5195308
5	3.4469857
5	3.3938904
5	3.4774761
5	3.4728503
5	3.3990083
6	3.4091349
6	3.381056
6	3.2164133
6	3.3248458
6	3.259996
6	3.3879302
6	3.6442876
6	3.6285777
6	3.6165233
6	3.5444837
6	3.4976158
6	3.5296476
6	3.5025394
6	3.5013158
6	3.5575876
6	3.5620236
6	3.6427598
6	3.6449528
6	3.4957123
6	3.4937959
6	3.568703
6	3.4859476
6	3.5186815
6	3.532189
6	3.5453918
6	3.5292993
6	3.5328808
6	3.5334868
6	3.5318856
6	3.536511
6	3.5745325
6	3.5837684
6	3.577829
6	3.5809536
6	3.5828466
6	3.5837831
6	3.580249
6	3.7183847
6	3.6363282
6	3.7144125
6	3.6470625
6	3.597636
6	3.712429
6	3.6437454
6	3.636869
6	3.6253839
7	3.6033173
7	3.6271832
7	3.538784
7	3.5059695
7	3.5520027
7	3.6922536
7	3.5526233
7	3.6213334
7	3.6943288
7	3.529264
7	3.5919526
7	3.578299
7	3.5743794
7	3.571672
7	3.5332675
7	3.5698967
7	3.5320933
7	3.4969997
7	3.5459192
7	3.5008419
7	3.5039515
7	3.4981444
7	3.4949503
7	3.4572628
7	3.5497622
7	3.498893
7	3.5090137
7	3.500485
7	3.5156329
7	3.4969094
7	3.5472014
7	3.512227
7	3.5380144
7	3.5484953
7	3.537193
7	3.5326478
7	3.5311198
7	3.5674195
7	3.571134
7	3.6096115
7	3.5527596
7	3.5666034
7	3.5716496
7	3.556611
7	3.5569458
7	3.475134
8	3.5477617
8	3.526093
8	3.5502973
8	3.5619764
8	3.5177455
8	3.531529
8	3.49504
8	3.4772859
8	3.5209136
8	3.493936
8	3.5201538
8	3.5468655
8	3.6518118
8	3.6035182
8	3.6493747
8	3.5487351
8	3.5815835
8	3.6386688
8	3.6391232
8	3.5864654
8	3.6088948
8	3.635409
8	3.590623
8	3.6349404
8	3.597361
8	3.60817
8	3.6067643
8	3.4844365
8	3.519508
8	3.6053038
8	3.498133
8	3.672388
8	3.5699685
8	3.6799645
8	3.546376
8	3.6737268
8	3.522877
8	3.4929323
8	3.5326803
8	3.5765743
8	3.440068
8	3.5016923
8	3.475106
8	3.5468593
8	3.546466
8	3.5646086
8	3.6351914
8	3.540802
9	3.5230985
9	3.518559
9	3.6037092
9	3.5275328
9	3.5283206
9	3.5250452
9	3.4634757
9	3.4671965
9	3.4759288
9	3.4617703
9	3.4644403
9	3.4686341
9	3.495922
9	3.4204364
9	3.4873343
9	3.576144
9	3.4991374
9	3.4929078
9	3.5290103
9	3.533729
9	3.56066
9	3.5854282
9	3.5744064
9	3.5843713
9	3.5328066
9	3.5591607
9	3.451729
9	3.4922566
9	3.5801463
9	3.5863924
9	3.4959831
9	3.5559332
9	3.5386505
9	3.5015647
9	3.4739451
9	3.5333986
9	3.5827656
9	3.5333812
9	3.4176328
9	3.6980138
9	3.6690779
9	3.6747746
9	3.690466
9	3.685439
9	3.5555305
9	3.668313
9	3.6450162
9	3.6622345
9	3.5710244
9	3.662582
9	3.544806
1	3.6698732
1	3.5459433
1	3.6679654
1	3.663884
1	3.6303906
1	3.543563
1	3.6289473
1	3.6548457
1	3.651473
1	3.6298084
1	3.6566992
1	3.427091
1	3.6069639
1	3.5000436
1	3.5663397
1	3.4218943
1	3.5570323
1	3.5586038
1	3.4944553
1	3.4919758
1	3.5442815
1	3.552921
1	3.5026402
1	3.624065
1	3.6150732
1	3.6066813
1	3.5415592
1	3.5450544
1	3.6148844
1	3.6058753
1	3.6007864
1	3.608182
1	3.602933
1	3.5809026
1	3.538681
1	3.5003269
1	3.5022297
1	3.491281
1	3.5734544
1	3.5915186
1	3.5736532
1	3.8040996
1	3.8027034
1	3.7806063
1	3.4792151
1	3.4841099
1	3.4931784
1	3.457548
1	3.4964635
1	3.45888
1	3.4821749
1	3.485798
1	3.4806902
1	3.4929285
1	3.4861143
1	3.4808462
1	3.4731646
1	3.5405846
1	3.5432377
1	3.5285373
1	3.5291886
1	3.5392413
1	3.5411203
1	3.5543814
1	3.5367107
1	3.5334215
1	3.494113
1	3.4963465
1	3.4974036
1	3.4928582
1	3.4936152
1	3.5042188
1	3.4741008
1	3.4594936
1	3.4532392
1	3.4697957
1	3.4661083
1	3.5253453
1	3.5378675
1	3.526653
1	3.5413013
1	3.5305266
1	3.4783792
1	3.4500394
1	3.4384594
1	3.47876
1	3.4360769
1	3.4413228
1	3.4396062
1	3.393196
1	3.3928726
1	3.5243783
1	3.543552
1	3.545376
1	3.5243073
1	3.4867358
1	3.4883742
1	3.5721347
1	3.4763088
1	3.4737122
1	3.4711747
1	3.5143754
1	3.5253406
1	3.4859207
1	3.5231428
1	3.522563
1	3.530768
1	3.502644
1	3.5019908
1	3.5227175
1	3.439955
1	3.415937
1	3.462562
1	3.4548352
1	3.4201646
1	3.5123916
1	3.4922504
1	3.4582767
1	3.4325948
1	3.4237125
1	3.4431105
1	3.4320898
1	3.446463
1	3.4519277
1	3.446682
1	3.4562438
1	3.4567332
1	3.44502
1	3.4475677
1	3.5108156
1	3.50806
1	3.4273078
1	3.4566793
1	3.4973984
1	3.4657278
1	3.4404807
1	3.4584594
1	3.4634619
1	3.4512424
1	3.4536424
1	3.4291124
1	3.454998
1	3.4538012
1	3.4513009
1	3.490635
1	3.5147598
1	3.5214086
1	3.509025
1	3.4486432
1	3.4490418
1	3.5552678
1	3.4791808
1	3.459578
1	3.4449131
1	3.4748526
1	3.4803085
1	3.4703503
1	3.4464269
1	3.4898567
1	3.4568205
1	3.4835744
1	3.4769695
1	3.4504585
1	3.4738503
1	3.4849293
1	3.4827404
1	3.5704951
1	3.476731
1	3.486951
1	3.4840398
1	3.490002
1	3.487334
1	3.4736452
1	3.477801
1	3.469233
1	3.4772873
1	3.49893
1	3.5421615
1	3.541958
1	3.5030026
1	3.5542817
1	3.626966
1	3.556035
1	3.6226373
1	3.5564327
1	3.5129642
1	3.4486227
1	3.442211
1	3.4540677
1	3.510974
1	3.4810352
1	3.4851875
1	3.4895544
1	3.4728074
1	3.4864168
1	3.4680042
1	3.5140858
1	3.4721835
1	3.4676301
1	3.4816086
1	3.4673386
1	3.4177089
1	3.4208279
1	3.4371953
1	3.4340978
1	3.4355783
1	3.4353375
1	3.451989
1	3.5080128
1	3.4620013
1	3.4462364
1	3.4612446
1	3.459118
1	3.4352808
1	3.4490423
1	3.460791
1	3.438484
1	3.4602637
1	3.445751
1	3.468783
1	3.4728699
1	3.4738476
1	3.4738603
1	3.4657192
1	3.4540281
1	3.4524796
1	3.4258866
1	3.4564576
1	3.4537482
1	3.4590883
1	3.4491477
1	3.4429464
1	3.4634278
1	3.4549425
1	3.4636412
1	3.4155219
1	3.475866
1	3.4475853
1	3.4386435
1	3.4201043
1	3.6184087
1	3.5301433
1	3.5332162
1	3.5084567
1	3.5180101
1	3.5274315
1	3.4942868
1	3.5338182
1	3.5097108
1	3.5254598
1	3.4651852
1	3.4479928
1	3.4650702
1	3.4760432
1	3.4970713
1	3.5387363
1	3.539963
1	3.5090494
1	3.5108163
1	3.511854
1	3.4343276
1	3.4274216
1	3.5014772
1	3.44827
1	3.4331203
1	3.4696827
1	3.4919267
1	3.4698067
1	3.470547
1	3.4764683
1	3.4869165
1	3.4835687
1	3.4858522
1	3.485042
1	3.4865804
1	3.473269
1	3.499198
1	3.5033367
1	3.5105596
1	3.4987245
1	3.487177
1	3.5117426
1	3.4940991
1	3.485743
1	3.4699721
1	3.46518
1	3.483236
1	3.4787426
1	3.4651618
1	3.5456786
1	3.5070837
1	3.5057507
1	3.508762
1	3.5695093
1	3.5709212
1	3.576113
1	3.5274768
1	3.5405803
1	3.488264
1	3.477452
1	3.4803116
1	3.4634712
1	3.5177345
1	3.4781516
1	3.554378
1	3.541789
1	3.5550218
1	3.5427268
1	3.4773548
1	3.461998
1	3.4475687
1	3.456641
1	3.4861076
1	3.561087
1	3.5920906
1	3.587632
1	3.5695558
1	3.584486
1	3.5612185
1	3.5005512
1	3.5102272
1	3.508944
1	3.4241319
1	3.4855204
1	3.435209
1	3.4650645
1	3.5745246
1	3.4906616
1	3.5762439
1	3.5230598
1	3.5671496
1	3.5267394
1	3.5588052
1	3.5043516
1	3.575341
1	3.562276
1	3.571861
1	3.52033
1	3.5383205
1	3.5686111
1	3.5739074
1	3.463066
1	3.488144
1	3.4745274
1	3.5167298
1	3.5138764
1	3.502112
1	3.4565763
1	3.5269358
1	3.526056
1	3.5225735
1	3.4587624
1	3.5281537
1	3.5037305
1	3.5141668
1	3.4685454
1	3.489615
1	3.5141606
1	3.5151284
1	3.491176
1	3.493966
1	3.4983037
1	3.496274
1	3.5271392
1	3.496797
1	3.5003123
1	3.4600759
1	3.5027683
1	3.4917588
1	3.528582
1	3.569512
1	3.530914
1	3.5535524
1	3.5079112
1	3.5075688
1	3.525806
1	3.5698438
1	3.5266938
1	3.4495645
1	3.4472737
1	3.4566627
1	3.510916
1	3.4642332
1	3.4831567
1	3.456132
1	3.5186238
1	3.497789
1	3.5098345
1	3.4486027
1	3.5017452
1	3.599081
1	3.6037083
1	3.596864
1	3.591263
1	3.591597
1	3.4798594
1	3.459402
1	3.4662905
1	3.501917
1	3.4532702
1	3.4824178
1	3.4784544
1	3.511402
1	3.4631295
1	3.5215063
1	3.5000129
1	3.4732962
1	3.4569788
1	3.4669805
1	3.4646199
1	3.5465374
1	3.4847658
1	3.4825764
1	3.5086064
1	3.5264874
1	3.4980884
1	3.5164511
1	3.4975448
1	3.5216866
1	3.4617856
1	3.5078266
1	3.4740844
1	3.5330546
1	3.4630783
1	3.4660137
1	3.465575
1	3.493959
1	3.5047078
1	3.4942744
1	3.493032
1	3.5892167
1	3.483896
1	3.5670695
1	3.5720544
1	3.4915776
1	3.5188026
1	3.4383626
1	3.4347172
1	3.4379811
1	3.4520757
1	3.4862785
1	3.4448152
1	3.4480886
1	3.4448845
1	3.4465778
1	3.5459661
1	3.4665976
1	3.478314
1	3.4838843
1	3.4613
1	3.4533894
1	3.4735782
1	3.4815547
1	3.4829097
1	3.5464497
1	3.5764413
1	3.4452453
1	3.5096245
1	3.5660527
1	3.5702276
1	3.5571287
1	3.5636597
1	3.4864087
1	3.5200257
1	3.5242426
1	3.4902635
1	3.5263333
1	3.5608764
1	3.4923282
1	3.5114446
1	3.4787917
1	3.5444498
1	3.5257201
1	3.4982245
1	3.512127
1	3.595315
1	3.5077424
1	3.516429
1	3.5217774
1	3.5122266
1	3.518692
1	3.5147474
1	3.580297
1	3.5893307
1	3.5832982
1	3.5770822
1	3.4313257
1	3.4653187
1	3.4330883
1	3.43974
1	3.3862026
1	3.417021
1	3.4792273
1	3.4531128
1	3.5638433
1	3.5061188
1	3.5016441
1	3.478274
1	3.4667964
1	3.525438
1	3.453959
1	3.5332096
1	3.5280778
1	3.5270035
1	3.5318928
1	3.4533849
1	3.4537597
1	3.4641366
1	3.4853597
1	3.4858537
2	3.511571
2	3.5382457
2	3.4698915
2	3.4743798
2	3.497939
2	3.5116582
2	3.5755987
2	3.4968386
2	3.5163321
2	3.4796634
2	3.4797132
2	3.4835525
2	3.509378
2	3.4848235
2	3.4866672
2	3.517598
2	3.5158114
2	3.5155
2	3.5171876
2	3.5121646
2	3.5035279
2	3.5153294
2	3.5262938
2	3.508021
2	3.5093784
2	3.5275922
2	3.5284848
2	3.496382
2	3.5096135
2	3.5579257
2	3.5019958
2	3.6268258
2	3.6885881
2	3.5529695
2	3.5413077
2	3.5400538
2	3.5316563
2	3.5118349
2	3.518424
2	3.512639
2	3.5173645
2	3.5173094
2	3.499424
2	3.5465202
2	3.5074205
2	3.4789398
2	3.490608
2	3.4923182
2	3.5239854
2	3.5223901
2	3.505117
2	3.4941068
2	3.4940841
2	3.4300232
2	3.437492
2	3.4434736
2	3.458682
2	3.452341
2	3.4475243
2	3.5044236
2	3.5251727
2	3.636328
2	3.6995518
2	3.6306963
2	3.614616
2	3.5131493
2	3.60082
2	3.6022158
2	3.5294094
2	3.4658527
2	3.4655588
2	3.5663218
2	3.5571437
2	3.5655477
2	3.55469
2	3.5190086
2	3.4967651
2	3.5104578
2	3.5090005
2	3.5111241
2	3.5177507
2	3.4846969
2	3.4882188
2	3.507017
2	3.5012434
2	3.5405493
2	3.502913
2	3.5612981
2	3.5677557
2	3.5809793
2	3.5702043
2	3.5603561
2	3.4853761
2	3.5650282
2	3.5075243
2	3.49335
2	3.5636168
2	3.5091176
2	3.4216883
2	3.4280841
2	3.614767
2	3.5212479
2	3.5329692
2	3.5190592
2	3.5142379
2	3.4670038
2	3.4525218
2	3.4684258
2	3.4447389
2	3.4822307
2	3.4814482
2	3.480939
2	3.4813151
2	3.4934072
2	3.5411801
2	3.5354898
2	3.4990687
2	3.5256174
2	3.4935603
2	3.5256815
2	3.54184
2	3.4961927
2	3.5460114
2	3.5428848
2	3.473915
2	3.461599
2	3.4811225
2	3.4623704
2	3.4616048
2	3.464982
2	3.4637566
2	3.5000377
2	3.4602318
2	3.5088487
2	3.482811
2	3.4492326
2	3.499999
2	3.50317
2	3.419376
2	3.4777317
2	3.4867148
2	3.491257
2	3.4868565
2	3.4869487
2	3.4891262
2	3.4841967
2	3.4466558
2	3.4356265
2	3.524158
2	3.4387183
2	3.4835744
2	3.4473987
2	3.56158
2	3.552771
2	3.487853
2	3.4976745
2	3.5483375
2	3.4927564
2	3.522779
2	3.5522757
2	3.5472884
2	3.5474858
2	3.5067413
2	3.466116
2	3.4823313
2	3.4471087
2	3.4773016
2	3.4696038
2	3.5395641
2	3.4973247
2	3.5182285
2	3.4935372
2	3.4639616
2	3.4827726
2	3.49043
2	3.478446
2	3.465332
2	3.4781325
2	3.4774203
2	3.4674575
2	3.4585538
2	3.464518
2	3.4754663
2	3.5100846
2	3.47955
2	3.4756546
2	3.5735319
2	3.5435648
2	3.5620265
2	3.573433
2	3.5443616
2	3.5716789
2	3.551742
2	3.5446172
2	3.4716318
2	3.5398116
2	3.5324044
2	3.4789243
2	3.4872465
2	3.5073838
2	3.5047607
2	3.4876459
2	3.5411146
2	3.490008
2	3.4974117
2	3.5808609
2	3.5866885
2	3.5209846
2	3.591546
2	3.5807996
2	3.5218647
2	3.5919218
2	3.5168867
2	3.5346136
2	3.5346673
2	3.48475
2	3.4848423
2	3.4543247
2	3.4867196
2	3.4438586
2	3.45615
2	3.4673147
2	3.483007
2	3.4581668
2	3.4888728
2	3.5214083
2	3.4863577
2	3.4678252
2	3.4631734
2	3.4475346
2	3.4771473
2	3.4351544
2	3.4389725
2	3.4422326
2	3.4303005
2	3.436203
2	3.4549603
2	3.4608898
2	3.458171
2	3.4343197
2	3.4642825
2	3.4579587
2	3.4355853
2	3.4587603
2	3.4274602
2	3.4283168
2	3.5402534
2	3.5264914
2	3.510305
2	3.5383105
2	3.5225554
2	3.5416164
2	3.497302
2	3.504168
2	3.489604
2	3.493981
2	3.5061216
2	3.4874659
2	3.4871655
2	3.460322
2	3.4493687
2	3.4501631
2	3.5838327
2	3.4900587
2	3.4574516
2	3.502347
2	3.46563
2	3.4678175
2	3.4635139
2	3.4261289
2	3.4882832
2	3.4617162
2	3.4609306
2	3.4357972
2	3.4477758
2	3.4531565
2	3.447308
2	3.4470453
2	3.4490776
2	3.4606519
2	3.5177326
2	3.47756
2	3.4656258
2	3.4657326
2	3.4983
2	3.5006738
2	3.4822538
2	3.4913378
2	3.464758
2	3.4906883
2	3.466905
2	3.4774773
2	3.5029564
2	3.4848592
2	3.4876819
2	3.4858134
2	3.4793036
2	3.4792643
2	3.4729118
2	3.4708433
2	3.471033
2	3.4664006
2	3.4715915
2	3.4624085
2	3.465735
2	3.4331956
2	3.489028
2	3.4600828
2	3.5474458
2	3.559715
2	3.5264323
2	3.5498333
2	3.5487738
2	3.4470325
2	3.4389007
2	3.4872756
2	3.4523344
2	3.4870465
2	3.446773
2	3.4446704
2	3.5389724
2	3.5364342
2	3.5343142
2	3.5441337
2	3.5091925
2	3.5297904
2	3.5529912
2	3.533064
2	3.5500503
2	3.5174258
2	3.5545485
2	3.553884
2	3.518291
2	3.5199938
2	3.4913707
2	3.5513783
2	3.5515187
2	3.4696555
2	3.4716597
2	3.4885602
2	3.468993
2	3.468812
2	3.4921172
2	3.5045447
2	3.4500701
2	3.5486393
2	3.491972
2	3.4757116
2	3.5307498
2	3.487479
2	3.4820871
2	3.557775
2	3.4879797
2	3.494999
2	3.5227227
2	3.4835
2	3.5566692
2	3.5450387
2	3.5276957
2	3.5562203
2	3.5509348
2	3.5425453
2	3.5306916
2	3.637322
2	3.5766706
2	3.468407
2	3.485493
2	3.482487
2	3.5810075
2	3.57895
2	3.5362077
2	3.5385783
2	3.469334
2	3.4998574
2	3.491168
2	3.4805098
2	3.4861174
2	3.5057833
2	3.4995909
2	3.6002948
2	3.4640234
2	3.4595068
2	3.4577723
2	3.491668
2	3.4581459
2	3.4866762
2	3.5133421
2	3.508438
2	3.514139
2	3.597656
2	3.5698097
2	3.590115
2	3.5913038
2	3.5407279
2	3.5912585
2	3.422738
2	3.422267
2	3.4234579
2	3.4192104
2	3.4304597
2	3.4143467
2	3.452035
2	3.4640875
2	3.4935358
2	3.4859943
2	3.4401405
2	3.4417338
2	3.4459655
2	3.4217954
2	3.4439528
2	3.5565004
2	3.5432706
2	3.491417
2	3.5038946
2	3.5067203
2	3.5060163
2	3.5074835
2	3.5046616
2	3.549327
2	3.50679
2	3.5082355
2	3.5106995
2	3.4692607
2	3.4788394
2	3.504315
2	3.4654055
2	3.4679275
2	3.4494119
2	3.5107396
2	3.436633
2	3.4369252
2	3.4411275
2	3.5189986
2	3.4818153
2	3.5124002
2	3.4928014
2	3.4366345
2	3.4306395
2	3.5402594
2	3.5392573
2	3.5395513
2	3.541966
2	3.4691563
2	3.4749174
2	3.4834447
2	3.4508524
2	3.553227
2	3.5530918
2	3.5322788
2	3.3984492
2	3.4013653
2	3.4093966
2	3.408959
2	3.4010298
2	3.4005437
2	3.402116
2	3.469719
2	3.4727721
2	3.5231361
2	3.5877354
2	3.5180411
2	3.5178752
2	3.526166
2	3.52527
2	3.471717
2	3.4664767
2	3.4804108
2	3.5409694
2	3.4770505
2	3.5172386
3	3.4677744
3	3.5116763
3	3.467871
3	3.4990606
3	3.5012817
3	3.499587
3	3.490074
3	3.4755704
3	3.5023615
3	3.4936857
3	3.4949188
3	3.4878273
3	3.4963408
3	3.4923115
3	3.4935608
3	3.4916449
3	3.4928136
3	3.4904447
3	3.495519
3	3.493054
3	3.5235984
3	3.5446725
3	3.5244262
3	3.5321908
3	3.5200937
3	3.520722
3	3.5120606
3	3.5419087
3	3.541641
3	3.5518184
3	3.5529416
3	3.5794315
3	3.5457845
3	3.5324135
3	3.493216
3	3.5323393
3	3.5403569
3	3.5477555
3	3.5296645
3	3.5333204
3	3.4924319
3	3.4713073
3	3.4630377
3	3.4737136
3	3.488934
3	3.412066
3	3.4452372
3	3.4588516
3	3.409579
3	3.4536645
3	3.4444823
3	3.4412453
3	3.4344125
3	3.434567
3	3.4393578
3	3.44866
3	3.410872
3	3.550148
3	3.5324788
3	3.5491028
3	3.491134
3	3.5335712
3	3.5486572
3	3.4929798
3	3.4558134
3	3.4668934
3	3.4636517
3	3.4632053
3	3.4889703
3	3.3981905
3	3.4006653
3	3.4457607
3	3.4411366
3	3.4058046
3	3.4214156
3	3.4366374
3	3.4389548
3	3.4421992
3	3.4411047
3	3.5112095
3	3.5452332
3	3.5457737
3	3.4647398
3	3.5426686
3	3.4430218
3	3.4688365
3	3.5417962
3	3.536547
3	3.5236566
3	3.524704
3	3.558661
3	3.5271187
3	3.5861545
3	3.5414064
3	3.5250134
3	3.580551
3	3.504155
3	3.5044825
3	3.4738512
3	3.4901137
3	3.51428
3	3.4845295
3	3.4775405
3	3.4879146
3	3.4775286
3	3.5101655
3	3.50699
3	3.5108092
3	3.5228388
3	3.5078344
3	3.511911
3	3.5118082
3	3.4625123
3	3.461874
3	3.481767
3	3.444295
3	3.4431624
3	3.574078
3	3.5531707
3	3.5269017
3	3.5389524
3	3.551164
3	3.5410662
3	3.4550357
3	3.5088127
3	3.5067706
3	3.509269
3	3.4905148
3	3.5059571
3	3.4576604
3	3.5000656
3	3.4918294
3	3.498344
3	3.484599
3	3.4882803
3	3.4986334
3	3.4982018
3	3.496924
3	3.646637
3	3.5543256
3	3.6009312
3	3.5599642
3	3.5917697
3	3.647473
3	3.5062733
3	3.5235646
3	3.5237846
3	3.5009542
3	3.52418
3	3.5255802
3	3.5234637
3	3.4460542
3	3.6058745
3	3.512101
3	3.4795837
3	3.5919724
3	3.5865998
3	3.571852
3	3.5703664
3	3.5941844
3	3.550324
3	3.5900328
3	3.5919437
3	3.5456874
3	3.3993711
3	3.4565077
3	3.4085507
3	3.549777
3	3.5547137
3	3.5371041
3	3.4431067
3	3.5335307
3	3.4701064
3	3.4685788
3	3.5604086
3	3.5627332
3	3.6171322
3	3.5754836
3	3.5657902
3	3.574336
3	3.4028163
3	3.4052992
3	3.4120634
3	3.4215722
3	3.436937
3	3.4886644
3	3.4370012
3	3.4580088
3	3.4534836
3	3.4393349
3	3.4676528
3	3.5272334
3	3.519432
3	3.4741328
3	3.4811563
3	3.43515
3	3.466052
3	3.4334593
3	3.4282393
3	3.4818797
3	3.469672
3	3.471727
3	3.4837084
3	3.5196717
3	3.4628158
3	3.462872
3	3.457437
3	3.471705
3	3.4610906
3	3.456664
3	3.4569108
3	3.4681392
3	3.4685574
3	3.475388
3	3.4754755
3	3.4513726
3	3.4439883
3	3.504136
3	3.5039487
3	3.4553208
3	3.4530802
3	3.4536839
3	3.4843392
3	3.5080364
3	3.4742503
3	3.475604
3	3.4555094
3	3.45388
3	3.5076149
3	3.4388654
3	3.4960096
3	3.445615
3	3.5365918
3	3.4861584
3	3.4955106
3	3.533884
3	3.4574928
3	3.5313754
3	3.5481215
3	3.505529
3	3.506692
3	3.5050182
3	3.470262
3	3.4318411
3	3.4720438
3	3.4300086
3	3.4293504
3	3.4548335
3	3.43059
3	3.4464693
3	3.4632893
3	3.4485383
3	3.449233
3	3.536858
3	3.6071267
3	3.5431962
3	3.5517
3	3.5493236
3	3.4394794
3	3.4375603
3	3.435627
3	3.4446979
3	3.437196
3	3.4367397
3	3.4613698
3	3.4135957
3	3.4352083
3	3.434321
3	3.4329188
3	3.4149969
3	3.458901
3	3.4580545
3	3.4826102
3	3.4876392
3	3.4720874
3	3.4579918
3	3.4827013
3	3.4621143
3	3.475966
3	3.4545906
3	3.4658334
3	3.4354773
3	3.4391959
3	3.5029614
3	3.5390575
3	3.485251
3	3.5374033
3	3.4726858
3	3.501387
3	3.5209203
3	3.5059595
3	3.4705107
3	3.4837403
3	3.5201838
3	3.46061
3	3.4781194
3	3.4759278
3	3.4737473
3	3.4856796
3	3.4771535
3	3.4854422
3	3.5252419
3	3.4892218
3	3.4639533
3	3.457099
3	3.4723873
3	3.4781985
3	3.4689617
3	3.4645886
3	3.4624186
3	3.4663625
3	3.492834
3	3.4898381
3	3.4901075
3	3.529851
3	3.4910283
3	3.4880042
3	3.4914694
3	3.505397
3	3.4878826
3	3.4981475
3	3.4948325
3	3.4905944
3	3.4901567
3	3.498616
3	3.5519357
3	3.558642
3	3.5477853
3	3.548018
3	3.4756374
3	3.4843032
3	3.479597
3	3.4746253
3	3.5939422
3	3.6058779
3	3.584666
3	3.598485
3	3.577523
3	3.5741863
3	3.5745
3	3.5867379
3	3.5237372
3	3.5229707
3	3.557429
3	3.5366282
3	3.5287511
3	3.4661436
3	3.469729
3	3.5114994
3	3.4717612
3	3.5128288
3	3.5192947
3	3.464737
3	3.5497859
3	3.5350535
3	3.5213923
3	3.581803
3	3.58154
3	3.438535
3	3.4284291
3	3.4521756
3	3.5058339
3	3.534338
3	3.5045052
3	3.5059435
3	3.4616156
3	3.5095396
3	3.4533193
3	3.4494677
3	3.5821614
3	3.5562675
3	3.5396862
3	3.5384727
3	3.566824
3	3.5650706
3	3.541206
3	3.4689045
3	3.4525511
3	3.4931521
3	3.4571092
3	3.47966
3	3.4722524
3	3.517417
3	3.5199327
3	3.552928
3	3.614232
3	3.5004897
3	3.536077
3	3.5374112
3	3.5375793
3	3.499825
3	3.5212324
3	3.4681807
3	3.510707
3	3.518116
3	3.4688685
3	3.480249
3	3.4725554
3	3.4980447
3	3.4507601
3	3.459409
3	3.4874043
3	3.482681
3	3.472213
3	3.47617
3	3.484126
3	3.4572558
3	3.479269
3	3.4978876
3	3.466991
3	3.4662309
3	3.479074
3	3.4744875
3	3.43816
3	3.4465275
3	3.4804304
3	3.5268173
3	3.4896758
3	3.5513825
3	3.4973805
3	3.4963977
3	3.4963393
3	3.4591465
3	3.4695854
3	3.462446
3	3.462288
3	3.4677763
3	3.4989834
3	3.5696871
3	3.5748875
3	3.5711813
3	3.5728774
3	3.5310764
3	3.5671358
3	3.5109916
3	3.5113573
3	3.4906816
3	3.4829717
3	3.4850001
3	3.4246793
3	3.404564
3	3.437925
3	3.4176602
3	3.4307055
3	3.4509854
3	3.4398232
3	3.4317021
3	3.4892015
3	3.477624
3	3.4800081
3	3.47815
3	3.4756627
3	3.456452
3	3.456283
3	3.5110087
3	3.5571308
3	3.5484242
3	3.5313058
3	3.5477405
3	3.612248
3	3.5091972
3	3.6115186
3	3.48326
3	3.5357018
3	3.529303
3	3.5235407
3	3.528297
3	3.5508735
3	3.5428457
3	3.5846846
3	3.5446382
3	3.5538979
3	3.5490549
3	3.475769
3	3.4710593
3	3.4959745
3	3.494871
3	3.4992485
3	3.488726
3	3.51558
3	3.473958
3	3.4376807
3	3.440207
3	3.4295676
3	3.445268
3	3.4439628
3	3.4390426
3	3.4833992
3	3.444548
3	3.4508843
3	3.479376
4	3.4531531
4	3.46697
4	3.5018024
4	3.4818254
4	3.489593
4	3.4953232
4	3.5170183
4	3.5203145
4	3.5150824
4	3.5160227
4	3.4971123
4	3.5148356
4	3.5178776
4	3.4675632
4	3.5611186
4	3.5339212
4	3.487601
4	3.4907029
4	3.4842403
4	3.39394
4	3.4124513
4	3.4115765
4	3.5011425
4	3.44053
4	3.497873
4	3.4368405
4	3.5519657
4	3.5424175
4	3.5448096
4	3.584129
4	3.6140857
4	3.5018244
4	3.4901786
4	3.4980946
4	3.5080547
4	3.508409
4	3.491683
4	3.5003674
4	3.4743385
4	3.4542782
4	3.4730492
4	3.4695976
4	3.4692378
4	3.480178
4	3.4729202
4	3.4390135
4	3.436682
4	3.4639761
4	3.4890547
4	3.4585342
4	3.457517
4	3.4954228
4	3.4525447
4	3.4939485
4	3.4645872
4	3.453702
4	3.4570346
4	3.5190783
4	3.4837408
4	3.4962902
4	3.488749
4	3.4916365
4	3.4943585
4	3.4932797
4	3.4942749
4	3.4887109
4	3.4767215
4	3.4496884
4	3.4699745
4	3.4710612
4	3.4650996
4	3.4743567
4	3.4680686
4	3.6180022
4	3.6111565
4	3.6237535
4	3.622643
4	3.5809662
4	3.4487672
4	3.41711
4	3.4629517
4	3.4633462
4	3.4414735
4	3.498713
4	3.49125
4	3.4843717
4	3.4488137
4	3.4460387
4	3.4470477
4	3.4367597
4	3.4332962
4	3.431176
4	3.4720218
4	3.4534533
4	3.4500215
4	3.447995
4	3.4656448
4	3.412522
4	3.5222874
4	3.4159937
4	3.4855137
4	3.4948354
4	3.4468942
4	3.4917965
4	3.4449854
4	3.4478102
4	3.4617856
4	3.4699244
4	3.4717155
4	3.4752233
4	3.5070615
4	3.4994693
4	3.5324883
4	3.5013542
4	3.4955175
4	3.4358692
4	3.4338145
4	3.4297872
4	3.4043093
4	3.5053964
4	3.5071783
4	3.566311
4	3.5614884
4	3.5596309
4	3.4935563
4	3.5104146
4	3.5098763
4	3.507382
4	3.4680781
4	3.4542742
4	3.4687676
4	3.4798465
4	3.461751
4	3.4786193
4	3.5110288
4	3.5087485
4	3.5123012
4	3.5134785
4	3.5127282
4	3.4861693
4	3.4838405
4	3.455925
4	3.4592142
4	3.4754148
4	3.4600353
4	3.4681668
4	3.481402
4	3.4688182
4	3.4784453
4	3.4813638
4	3.4594111
4	3.4634829
4	3.454611
4	3.4675815
4	3.4904797
4	3.4832315
4	3.471544
4	3.4630866
4	3.4609308
4	3.4474988
4	3.4839234
4	3.450993
4	3.453117
4	3.4511871
4	3.528735
4	3.4746652
4	3.4618187
4	3.4877362
4	3.46878
4	3.4876552
4	3.4680004
4	3.4702818
4	3.4774377
4	3.4717927
4	3.481946
4	3.5199137
4	3.5473228
4	3.490838
4	3.5006962
4	3.5118325
4	3.540492
4	3.5186803
4	3.5106425
4	3.5072713
4	3.507354
4	3.6034222
4	3.582086
4	3.6017165
4	3.5041752
4	3.550038
4	3.5094419
4	3.503671
4	3.5504377
4	3.5024037
4	3.546494
4	3.470898
4	3.455739
4	3.465054
4	3.4685206
4	3.4563694
4	3.4803638
4	3.477385
4	3.4311295
4	3.435194
4	3.4742029
4	3.4433968
4	3.4414144
4	3.5094285
4	3.496817
4	3.497015
4	3.4973664
4	3.5535266
4	3.5519273
4	3.549536
4	3.5505574
4	3.5390472
4	3.538433
4	3.5495377
4	3.5469165
4	3.5158842
4	3.5169759
4	3.5209532
4	3.549024
4	3.5045743
4	3.5794637
4	3.5575917
4	3.5639853
4	3.5273042
4	3.468812
4	3.482779
4	3.5490315
4	3.4822917
4	3.482202
4	3.4781072
4	3.3840795
4	3.369955
4	3.394906
4	3.3964524
4	3.3667216
4	3.3641553
4	3.369226
4	3.520807
4	3.5180695
4	3.4940288
4	3.4886022
4	3.4975166
4	3.4293556
4	3.5323055
4	3.4381018
4	3.4582682
4	3.510455
4	3.4928439
4	3.4997964
4	3.494099
4	3.4896002
4	3.496213
4	3.4930658
4	3.5132637
4	3.4995742
4	3.492969
4	3.4948337
4	3.4962869
4	3.508173
4	3.4953475
4	3.476798
4	3.5094545
4	3.4840117
4	3.4793158
4	3.49122
4	3.5829659
4	3.6012342
4	3.5008378
4	3.4942415
4	3.4817145
4	3.484303
4	3.4943902
4	3.4226513
4	3.399684
4	3.4013884
4	3.45085
4	3.4435053
4	3.407938
4	3.5146053
4	3.4826603
4	3.5087028
4	3.4919295
4	3.4536574
4	3.4778605
4	3.482236
4	3.422697
4	3.416117
4	3.510981
4	3.4669976
4	3.480273
4	3.4683208
4	3.467359
4	3.5113344
4	3.5281649
4	3.4927464
4	3.4959092
4	3.4973433
4	3.5572395
4	3.4809198
4	3.484017
4	3.480751
4	3.480082
4	3.482635
4	3.4603872
4	3.4178956
4	3.445944
4	3.418903
4	3.5037017
4	3.457117
4	3.4775789
4	3.4540544
4	3.471374
4	3.4913764
4	3.5002494
4	3.5013201
4	3.5633965
4	3.553436
4	3.459417
4	3.5516474
4	3.4450665
4	3.585177
4	3.5826268
4	3.5988264
4	3.5924847
4	3.6464458
4	3.5743341
4	3.450354
4	3.4490426
4	3.6334743
4	3.567028
4	3.48599
4	3.5112977
4	3.4915628
4	3.492571
4	3.5189195
4	3.6170669
4	3.5776873
4	3.5692992
4	3.5862842
4	3.5730033
4	3.5826812
4	3.5621364
4	3.5802212
4	3.480596
4	3.4482994
4	3.4755886
4	3.4769032
4	3.4761395
4	3.452312
4	3.5013702
4	3.505863
4	3.5152073
4	3.515248
4	3.5286174
4	3.5572922
4	3.5035126
4	3.514378
4	3.519515
4	3.5102422
4	3.5435438
4	3.5110474
4	3.4366717
4	3.4668093
4	3.4750972
4	3.5068965
4	3.5055585
4	3.4985588
4	3.532579
4	3.5295525
4	3.5262604
4	3.4774826
4	3.5018399
4	3.4603667
4	3.4488916
4	3.5038462
4	3.4483914
4	3.5347927
4	3.5446167
4	3.506888
4	3.495776
4	3.532985
4	3.5415597
4	3.4992635
4	3.4460013
4	3.5064354
4	3.5066352
4	3.4656615
4	3.4950945
4	3.4831877
4	3.4929445
4	3.4920902
4	3.4117901
4	3.410566
4	3.3825908
4	3.388218
4	3.4078918
4	3.368659
4	3.3693392
4	3.5152926
4	3.5102592
4	3.499511
4	3.4982789
4	3.4288046
4	3.4505615
4	3.429101
4	3.429116
4	3.4274306
4	3.437621
4	3.4208524
4	3.4461787
4	3.4136841
4	3.4343538
4	3.525509
4	3.4928703
4	3.4566119
4	3.463194
4	3.4594214
4	3.432047
4	3.4600575
4	3.4262822
4	3.4536738
4	3.4640548
4	3.4571629
4	3.4188428
4	3.4318023
4	3.452796
4	3.4223368
4	3.5028853
4	3.5031488
4	3.4900904
4	3.4313767
4	3.4728913
4	3.4685104
4	3.5006032
4	3.516203
4	3.50404
4	3.5145943
4	3.488634
4	3.487447
4	3.5287166
4	3.5417523
4	3.5404546
4	3.5256693
4	3.4963703
4	3.4383323
4	3.6022792
4	3.614209
4	3.6171076
4	3.6129446
4	3.473383
4	3.4736931
4	3.484856
4	3.4973247
4	3.458318
4	3.4563036
4	3.4818325
4	3.4418888
4	3.4597154
4	3.4727907
4	3.4623828
4	3.5017807
4	3.4965448
4	3.5766811
5	3.5130987
5	3.5693963
5	3.517835
5	3.4637356
5	3.4829764
5	3.4467945
5	3.4794512
5	3.4635243
5	3.470731
5	3.4665194
5	3.5088935
5	3.5107148
5	3.4969683
5	3.508893
5	3.5030808
5	3.5098193
5	3.4976788
5	3.4675474
5	3.4969912
5	3.4696221
5	3.4847672
5	3.4821851
5	3.483748
5	3.4575205
5	3.4766984
5	3.4766417
5	3.4651518
5	3.4767153
5	3.5178587
5	3.490505
5	3.4877558
5	3.4838676
5	3.4856095
5	3.480814
5	3.5121126
5	3.4662461
5	3.4929986
5	3.541759
5	3.4839902
5	3.5347478
5	3.53606
5	3.5207806
5	3.5179873
5	3.4869595
5	3.5144162
5	3.491509
5	3.4916234
5	3.4885259
5	3.4505758
5	3.497145
5	3.5125499
5	3.6114569
5	3.5989118
5	3.5875976
5	3.513499
5	3.5078573
5	3.4691422
5	3.4591637
5	3.4710171
5	3.4666362
5	3.502685
5	3.4933457
5	3.5126572
5	3.5056398
5	3.4941359
5	3.5117712
5	3.451421
5	3.44973
5	3.4496047
5	3.5464678
5	3.5392177
5	3.4533336
5	3.510474
5	3.5381284
5	3.5296402
5	3.5030642
5	3.4949975
5	3.5390577
5	3.4992166
5	3.5377116
5	3.4794874
5	3.4746861
5	3.480308
5	3.4687147
5	3.4787235
5	3.5139294
5	3.4821868
5	3.5096333
5	3.5024087
5	3.4860392
5	3.445973
5	3.4379776
5	3.4442482
5	3.4412246
5	3.440824
5	3.490784
5	3.5126977
5	3.54588
5	3.506487
5	3.4673827
5	3.4784222
5	3.5006647
5	3.4843369
5	3.4975138
5	3.4974675
5	3.538713
5	3.5238795
5	3.4848654
5	3.4893274
5	3.4934096
5	3.458274
5	3.4910107
5	3.4805946
5	3.4579787
5	3.572468
5	3.557033
5	3.5694585
5	3.5683713
5	3.472095
5	3.5131333
5	3.4942293
5	3.517005
5	3.5151925
5	3.506859
5	3.4843168
5	3.503429
5	3.476551
5	3.5140836
5	3.486641
5	3.4594812
5	3.45833
5	3.4890957
5	3.4653134
5	3.4544744
5	3.4657094
5	3.445035
5	3.4913464
5	3.4852421
5	3.4875464
5	3.452499
5	3.4490197
5	3.4813457
5	3.4467733
5	3.4506202
5	3.453221
5	3.4461246
5	3.4370537
5	3.4393368
5	3.4314044
5	3.5121884
5	3.4746368
5	3.4317782
5	3.4628704
5	3.4484072
5	3.5015304
5	3.4931216
5	3.4879282
5	3.433465
5	3.47936
5	3.4720125
5	3.4698708
5	3.525532
5	3.5351205
5	3.5530562
5	3.5420036
5	3.5866952
5	3.652755
5	3.479199
5	3.6436563
5	3.4931743
5	3.4611363
5	3.4775505
5	3.4422665
5	3.480279
5	3.4557266
5	3.460802
5	3.4726052
5	3.464981
5	3.4604478
5	3.4597359
5	3.4573653
5	3.49124
5	3.4881043
5	3.4855123
5	3.4813662
5	3.5634644
5	3.5448842
5	3.5639763
5	3.5619807
5	3.5244408
5	3.4873962
5	3.524703
5	3.506228
5	3.4846182
5	3.464302
5	3.4662347
5	3.4825335
5	3.5444267
5	3.5341506
5	3.5345526
5	3.5333738
5	3.5253887
5	3.4430077
5	3.4879484
5	3.4899483
5	3.5079236
5	3.491011
5	3.471677
5	3.4709172
5	3.4529767
5	3.468172
5	3.4609933
5	3.4673362
5	3.4812882
5	3.4608274
5	3.4647608
5	3.4783971
5	3.4512434
5	3.4536164
5	3.45166
5	3.5218334
5	3.4790545
5	3.5269592
5	3.5057673
5	3.579414
5	3.5422316
5	3.5433955
5	3.5470586
5	3.5363107
5	3.547823
5	3.477196
5	3.4777195
5	3.474444
5	3.478798
5	3.4792814
5	3.4512546
5	3.4889593
5	3.4848819
5	3.455734
5	3.5363538
5	3.5812259
5	3.4768097
5	3.5718298
5	3.4287732
5	3.4454303
5	3.4505897
5	3.4970078
5	3.505686
5	3.5028677
5	3.501845
5	3.5421371
5	3.5223699
5	3.5636473
5	3.5257168
5	3.5246367
5	3.4969168
5	3.4906936
5	3.4752402
5	3.5163093
5	3.5202875
5	3.5069518
5	3.5354161
5	3.5081851
5	3.6271598
5	3.6199481
5	3.5220418
5	3.54547
5	3.6124988
5	3.5209703
5	3.524037
5	3.5353112
5	3.5137966
5	3.5264115
5	3.4356995
5	3.4336195
5	3.4329696
5	3.433499
5	3.428197
5	3.4353662
5	3.430182
5	3.4587917
5	3.455548
5	3.4563165
5	3.4367096
5	3.4777908
5	3.5262775
5	3.517458
5	3.5020823
5	3.5029967
5	3.563044
5	3.558442
5	3.512059
5	3.55619
5	3.5537388
5	3.464939
5	3.4673352
5	3.4671423
5	3.511581
5	3.471148
5	3.539618
5	3.4771893
5	3.496842
5	3.5070462
5	3.477489
5	3.4942358
5	3.4798687
5	3.5365725
5	3.5192478
5	3.467103
5	3.4703994
5	3.531465
5	3.5137267
5	3.4954123
5	3.4912634
5	3.5035746
5	3.5153332
5	3.5025
5	3.404223
5	3.4567285
5	3.4508536
5	3.440476
5	3.4274933
5	3.4876685
5	3.4921675
5	3.4876611
5	3.4788027
5	3.4830084
5	3.5030057
5	3.498336
5	3.4930143
5	3.502009
5	3.484221
5	3.483508
5	3.4499183
5	3.4843893
5	3.4833555
5	3.4627216
5	3.4727046
5	3.4664364
5	3.4818387
5	3.469234
5	3.4738913
5	3.4610846
5	3.4671788
5	3.4819834
5	3.445191
5	3.474082
5	3.463951
5	3.4791539
5	3.4465442
5	3.4109716
5	3.426525
5	3.4198294
5	3.5287213
5	3.5241237
5	3.4722736
5	3.5468183
5	3.5698564
5	3.4544203
5	3.4584827
5	3.4483204
5	3.4480758
5	3.4666932
5	3.4490695
5	3.501163
5	3.4900029
5	3.5088425
5	3.4898953
5	3.5268035
5	3.50347
5	3.5231807
5	3.524475
5	3.5054395
5	3.5268688
5	3.507334
5	3.5188017
5	3.4795575
5	3.5056267
5	3.5054588
5	3.4919248
5	3.4467134
5	3.4902697
5	3.4539523
5	3.4505677
5	3.4539008
5	3.4983363
5	3.5067503
5	3.4943123
5	3.4986792
5	3.4345589
5	3.46483
5	3.4786863
5	3.470246
5	3.4630744
5	3.4538465
5	3.5068145
5	3.5089965
5	3.4808345
5	3.503921
5	3.4852674
5	3.489303
5	3.476592
5	3.5102
5	3.5089068
5	3.50152
5	3.5369332
5	3.5234828
5	3.456713
5	3.4463744
5	3.4946313
5	3.4658153
5	3.4883912
5	3.48769
5	3.4723792
5	3.5293903
5	3.5424037
5	3.5443296
5	3.5273552
5	3.5572128
5	3.4051337
5	3.4290075
5	3.5496035
5	3.5616884
5	3.6291943
5	3.6060538
5	3.5885398
5	3.5101373
5	3.5307844
5	3.529395
5	3.51068
5	3.472108
5	3.4243135
5	3.4165082
5	3.4234083
5	3.4903922
5	3.4855814
5	3.4799786
5	3.490506
5	3.5373812
5	3.494729
5	3.4861286
5	3.4929004
5	3.4912047
5	3.4935308
5	3.5992606
5	3.6879585
5	3.591343
5	3.635437
5	3.684536
5	3.586731
5	3.5174017
5	3.5486536
5	3.557998
5	3.5237694
5	3.521256
5	3.4849973
5	3.5112352
5	3.51368
5	3.4609814
5	3.464381
5	3.4677134
5	3.5335217
5	3.527896
5	3.5341735
5	3.5383673
5	3.54521
5	3.5676994
5	3.5879416
5	3.5669007
5	3.5500646
5	3.550376
5	3.5691106
5	3.5516655
5	3.5519633
6	3.5502572
6	3.546258
6	3.5353408
6	3.6527433
6	3.5480185
6	3.568029
6	3.538434
6	3.58719
6	3.5483804
6	3.6250966
6	3.5829954
6	3.6257079
6	3.6091552
6	3.6043591
6	3.6266382
6	3.592885
6	3.5375319
6	3.6004057
6	3.5442853
6	3.6738648
6	3.5493472
6	3.6668801
6	3.5575373
6	3.6912625
6	3.4592772
6	3.4944963
6	3.4807253
6	3.5160615
6	3.4745827
6	3.5131953
6	3.5096738
6	3.47965
6	3.5340533
6	3.5301902
6	3.502596
6	3.5270708
6	3.501461
6	3.5174456
6	3.535621
6	3.5197148
6	3.5481982
6	3.5034082
6	3.4982576
6	3.5184078
6	3.5609386
6	3.571087
6	3.5576768
6	3.5401413
6	3.4509459
6	3.5330367
6	3.5336146
6	3.5231957
6	3.5933502
6	3.5762525
6	3.525047
6	3.5656962
6	3.638594
6	3.584286
6	3.5974915
6	3.5974932
6	3.610884
6	3.49193
6	3.4608688
6	3.4803843
6	3.4982204
6	3.4598095
6	3.5854082
6	3.5831132
6	3.5854645
6	3.595978
6	3.5984619
6	3.6024342
6	3.5863805
6	3.569967
6	3.5607429
6	3.571625
6	3.563052
6	3.4080093
6	3.4345732
6	3.4690156
6	3.4334636
6	3.4367504
6	3.4737823
6	3.4499817
6	3.4676523
6	3.5142002
6	3.4707341
6	3.5083768
6	3.4676542
6	3.5104809
6	3.6095476
6	3.6105473
6	3.4990678
6	3.5078595
6	3.6691847
6	3.5158563
6	3.4832335
6	3.6817877
6	3.5883682
6	3.601528
6	3.5862834
6	3.7362123
6	3.7762516
6	3.6633108
6	3.6808982
6	3.7472699
6	3.73133
6	3.5522938
6	3.5953517
6	3.5408466
6	3.551434
6	3.483924
6	3.5467656
6	3.5998948
6	3.5952983
6	3.522732
6	3.4940834
6	3.506225
6	3.495942
6	3.4887881
6	3.5135012
6	3.4413824
6	3.4962082
6	3.50236
6	3.5471368
6	3.4958181
6	3.5987766
6	3.5642753
6	3.58876
6	3.5884752
6	3.589845
6	3.5899036
6	3.5635586
6	3.5947528
6	3.6068053
6	3.6511023
6	3.527028
6	3.6168742
6	3.5310724
6	3.5643663
6	3.5581915
6	3.373238
6	3.4406924
6	3.3876271
6	3.4822378
6	3.4736369
6	3.470945
6	3.4904504
6	3.5489492
6	3.5276437
6	3.5215378
6	3.5308654
6	3.4375663
6	3.413823
6	3.5862021
6	3.5704198
6	3.5727012
6	3.428122
6	3.563888
6	3.4492517
6	3.44659
6	3.4568224
6	3.5595737
6	3.5642316
6	3.5594754
6	3.4884999
6	3.4756653
6	3.4961228
6	3.4916284
6	3.4906871
6	3.502324
6	3.5343769
6	3.4861321
6	3.4951463
6	3.4646935
6	3.4781609
6	3.4839149
6	3.4757745
6	3.478779
6	3.4784899
6	3.546164
6	3.5047708
6	3.5063968
6	3.501299
6	3.5290084
6	3.5679843
6	3.520779
6	3.5680003
6	3.567421
6	3.5969615
6	3.4889119
6	3.504795
6	3.5876245
6	3.6202226
6	3.5877216
6	3.4917417
6	3.4865756
6	3.6089334
6	3.5815725
6	3.575337
6	3.5569832
6	3.647006
6	3.6274981
6	3.5824609
6	3.6223044
6	3.5632615
6	3.637517
6	3.5972152
6	3.6007595
6	3.5751278
6	3.5723152
6	3.6024017
6	3.59986
6	3.6020103
6	3.524146
6	3.4721699
6	3.4876013
6	3.527378
6	3.5098948
6	3.514629
6	3.6762242
6	3.584123
6	3.616872
6	3.5799253
6	3.619431
6	3.6740415
6	3.6270423
6	3.5900164
6	3.6322684
6	3.6171165
6	3.5471497
6	3.6170328
6	3.489821
6	3.5689998
6	3.497611
6	3.5706558
6	3.4974074
6	3.5245924
6	3.5206838
6	3.5106668
6	3.5021305
6	3.5071876
6	3.5189395
6	3.5448039
6	3.5299077
6	3.5374303
6	3.5496273
6	3.541043
6	3.5435975
6	3.4947207
6	3.5782793
6	3.574736
6	3.4251785
6	3.4502678
6	3.5168207
6	3.5215414
6	3.4689188
6	3.4296832
6	3.4544816
6	3.4755712
6	3.4771576
6	3.6144695
6	3.508079
6	3.463893
6	3.4737892
6	3.5152302
6	3.6123643
6	3.618421
6	3.6145616
6	3.6174366
6	3.5437794
6	3.5442047
6	3.5457768
6	3.5077484
6	3.5112176
6	3.5472507
6	3.508399
6	3.530784
6	3.534348
6	3.4905987
6	3.54774
6	3.5358877
6	3.709444
6	3.5767202
6	3.4522934
6	3.5004678
6	3.487412
6	3.4827142
6	3.5166383
6	3.4815013
6	3.4871402
6	3.5359046
6	3.46922
6	3.6201925
6	3.62295
6	3.630704
6	3.622136
6	3.5267282
6	3.5660307
6	3.5829537
6	3.5625033
6	3.4751067
6	3.5364838
6	3.5952883
6	3.6045847
6	3.5886898
6	3.6189613
6	3.6586545
6	3.5987024
6	3.563045
6	3.630336
6	3.6519055
6	3.6458058
6	3.374632
6	3.5162287
6	3.505456
6	3.511553
6	3.511266
6	3.451518
6	3.5270538
6	3.5235884
6	3.5682156
6	3.5673404
6	3.5624762
6	3.50063
6	3.5294998
6	3.6206872
6	3.6225152
6	3.621817
6	3.574201
6	3.5348802
6	3.5122035
6	3.6213121
6	3.5702546
6	3.6218743
6	3.644854
6	3.5779085
6	3.5314178
6	3.5564182
6	3.595858
6	3.5817838
6	3.5873678
6	3.5829701
6	3.536108
6	3.4444537
6	3.4344974
6	3.441278
6	3.510364
6	3.530728
6	3.5192084
6	3.5171666
6	3.5597618
6	3.5168781
6	3.5145211
6	3.5301871
6	3.5442514
6	3.527308
6	3.5304215
6	3.589898
6	3.581084
6	3.5821683
6	3.59196
6	3.581076
6	3.58053
6	3.5086539
6	3.550527
6	3.5309272
6	3.5871975
6	3.5652876
6	3.5356445
6	3.5597274
6	3.5699391
6	3.6603434
6	3.6375196
6	3.6522367
6	3.5724251
6	3.363463
6	3.5682616
6	3.5217395
6	3.558622
6	3.5108073
6	3.363293
6	3.476115
6	3.471138
6	3.4942694
6	3.5138016
6	3.5244198
6	3.4750166
6	3.5255933
6	3.6800137
6	3.6822624
6	3.663822
6	3.6759605
6	3.6248071
6	3.626492
6	3.6781104
6	3.6040988
6	3.6116123
6	3.6004155
6	3.600676
6	3.6148767
6	3.57686
6	3.5531173
6	3.5170121
6	3.5242424
6	3.5436585
6	3.5172896
6	3.5799882
6	3.5579052
6	3.5647116
6	3.562322
6	3.5607977
6	3.561286
6	3.6745415
6	3.556345
6	3.5210154
6	3.605591
6	3.4629416
6	3.5209172
6	3.5011744
6	3.498046
6	3.5197177
6	3.5075908
6	3.5202003
6	3.5113137
6	3.5006018
6	3.610365
6	3.5415444
6	3.5471382
6	3.5304732
6	3.5735028
6	3.571902
6	3.546691
6	3.5357573
6	3.5451
6	3.611986
6	3.562722
6	3.5796173
6	3.5789616
6	3.6552448
6	3.6517475
6	3.5838878
6	3.6447954
6	3.591836
6	3.6027813
6	3.6217542
6	3.5610065
6	3.573084
6	3.6101482
6	3.5223784
6	3.4872813
6	3.6394963
6	3.487729
6	3.5649703
6	3.565362
6	3.5823455
6	3.566591
6	3.5321672
6	3.5826073
6	3.5835934
6	3.579988
6	3.5782022
6	3.5440602
6	3.499535
6	3.5190191
6	3.7427983
6	3.7425337
6	3.52121
6	3.7328067
6	3.5419564
6	3.5054836
6	3.4875927
6	3.4233885
6	3.4205003
6	3.4907665
6	3.4227514
6	3.5270576
6	3.5360613
6	3.4861357
6	3.486085
6	3.5311265
6	3.4846787
6	3.7081232
6	3.5496278
6	3.5837293
6	3.6229153
6	3.4794397
6	3.5196016
6	3.4662666
6	3.4453712
6	3.4901223
6	3.5491278
6	3.5467536
7	3.5411518
7	3.5808635
7	3.582388
7	3.5454373
7	3.4996152
7	3.5004597
7	3.5021877
7	3.5213351
7	3.5151973
7	3.5144815
7	3.502839
7	3.5236907
7	3.5079675
7	3.517958
7	3.5072076
7	3.473285
7	3.426477
7	3.5667996
7	3.5659215
7	3.5513344
7	3.5131345
7	3.5565786
7	3.4990346
7	3.408414
7	3.404652
7	3.493516
7	3.425909
7	3.4175901
7	3.482602
7	3.4901636
7	3.5192227
7	3.492907
7	3.5161626
7	3.5317445
7	3.5172338
7	3.5784233
7	3.517033
7	3.5203395
7	3.5181863
7	3.5308957
7	3.631305
7	3.6347554
7	3.627491
7	3.5474162
7	3.543198
7	3.5752375
7	3.5858865
7	3.5316327
7	3.533832
7	3.5628672
7	3.5647082
7	3.5312605
7	3.5151615
7	3.5295677
7	3.5257926
7	3.5273728
7	3.5151181
7	3.5239644
7	3.521451
7	3.543906
7	3.5468802
7	3.5757046
7	3.5870335
7	3.5648968
7	3.5752783
7	3.5197387
7	3.510721
7	3.524135
7	3.5272663
7	3.5244033
7	3.5756164
7	3.532142
7	3.522324
7	3.576771
7	3.5264993
7	3.5246792
7	3.524774
7	3.5771837
7	3.5318103
7	3.5270846
7	3.5445614
7	3.5344057
7	3.5743098
7	3.559978
7	3.562213
7	3.5380101
7	3.5210423
7	3.6765814
7	3.6818233
7	3.5519142
7	3.5357926
7	3.4890928
7	3.5256567
7	3.5070174
7	3.506548
7	3.6001115
7	3.5553727
7	3.5971189
7	3.5518193
7	3.5206823
7	3.5093822
7	3.509749
7	3.3720717
7	3.374829
7	3.4505339
7	3.3828344
7	3.3834946
7	3.3813684
7	3.3899763
7	3.382817
7	3.5279558
7	3.5290325
7	3.483166
7	3.5009928
7	3.5245805
7	3.5159626
7	3.4858499
7	3.58849
7	3.591316
7	3.5910687
7	3.5855942
7	3.5899262
7	3.559439
7	3.545516
7	3.5630858
7	3.5797343
7	3.6781871
7	3.5875068
7	3.6162643
7	3.6175876
7	3.5874715
7	3.684757
7	3.680137
7	3.5942674
7	3.5197473
7	3.5271513
7	3.567844
7	3.5756652
7	3.5567148
7	3.5612712
7	3.5699732
7	3.5346096
7	3.5271497
7	3.5193195
7	3.5301957
7	3.5873306
7	3.5949764
7	3.5886097
7	3.5822382
7	3.5900903
7	3.5843728
7	3.5847635
7	3.5838199
7	3.641663
7	3.593324
7	3.592661
7	3.4824584
7	3.5687838
7	3.487265
7	3.5512033
7	3.5500078
7	3.4778347
7	3.4705844
7	3.4945357
7	3.5099885
7	3.4722912
7	3.4743931
7	3.6008868
7	3.5683522
7	3.5607812
7	3.5730345
7	3.5643773
7	3.5620708
7	3.5387504
7	3.496539
7	3.493363
7	3.5344715
7	3.4981842
7	3.5859685
7	3.5305061
7	3.5311108
7	3.5447292
7	3.5957298
7	3.6135461
7	3.600257
7	3.5440245
7	3.5005822
7	3.5978856
7	3.506606
7	3.5497098
7	3.5676475
7	3.5004401
7	3.576682
7	3.543194
7	3.5475178
7	3.5065172
7	3.5440369
7	3.503305
7	3.5437253
7	3.537007
7	3.5072865
7	3.5406394
7	3.4707289
7	3.543365
7	3.5398054
7	3.500031
7	3.6156998
7	3.526803
7	3.528044
7	3.5328927
7	3.5277472
7	3.492262
7	3.4876776
7	3.526525
7	3.4892569
7	3.4937031
7	3.5226336
7	3.5563202
7	3.5303562
7	3.4981241
7	3.5223808
7	3.536317
7	3.5350223
7	3.4665034
7	3.4190605
7	3.4973354
7	3.46168
7	3.501613
7	3.4244933
7	3.5802057
7	3.6025968
7	3.5838525
7	3.6140351
7	3.6124334
7	3.561637
7	3.6083045
7	3.556746
7	3.598934
7	3.5969057
7	3.4996564
7	3.4964395
7	3.591083
7	3.5039773
7	3.6376653
7	3.6184459
7	3.4749901
7	3.5110059
7	3.4886374
7	3.4919577
7	3.6144936
7	3.5104017
7	3.5510423
7	3.5222473
7	3.6076226
7	3.5130777
7	3.5448666
7	3.549602
7	3.5803597
7	3.585555
7	3.6316655
7	3.5737095
7	3.5244226
7	3.5311584
7	3.5643072
7	3.5150864
7	3.4674892
7	3.5821812
7	3.611778
7	3.4670115
7	3.6139755
7	3.5933132
7	3.6005542
7	3.613612
7	3.4494627
7	3.5413785
7	3.5413265
7	3.429188
7	3.5584416
7	3.4601605
7	3.5352912
7	3.6170201
7	3.56915
7	3.6005502
7	3.6502137
7	3.5653546
7	3.6314063
7	3.626562
7	3.7121801
7	3.6341372
7	3.5584407
7	3.5557175
7	3.5310204
7	3.4795969
7	3.552402
7	3.6122992
7	3.6994915
7	3.6111743
7	3.6939507
7	3.6124458
7	3.6426237
7	3.502506
7	3.4942863
7	3.6520653
7	3.5094566
7	3.5936708
7	3.7572126
7	3.7502086
7	3.7482924
7	3.6207561
7	3.5340414
7	3.5353942
7	3.5340192
7	3.5767522
7	3.540086
7	3.540127
7	3.562825
7	3.5628805
7	3.5389981
7	3.4581528
7	3.567402
7	3.4651532
7	3.588212
7	3.6328163
7	3.4631228
7	3.4562044
7	3.5496912
7	3.6268568
7	3.6878119
7	3.6692164
7	3.6090722
7	3.6182811
7	3.6828332
7	3.6640365
7	3.5890622
7	3.6389382
7	3.6734204
7	3.6332083
7	3.6323771
7	3.6628644
7	3.6320772
7	3.4966211
7	3.4969592
7	3.498353
7	3.5329905
7	3.4890623
7	3.7072816
7	3.713227
7	3.534959
7	3.5195756
7	3.5287385
7	3.523504
7	3.5328035
7	3.5549037
7	3.5791564
7	3.5251803
7	3.4983215
7	3.5705914
7	3.5056999
7	3.4948485
7	3.4936762
7	3.4115238
7	3.502286
7	3.488509
7	3.3712592
7	3.3655193
7	3.4032574
7	3.3624094
7	3.462439
7	3.6078367
7	3.635681
7	3.6232488
7	3.471049
7	3.529087
7	3.4713762
7	3.456701
7	3.4553204
7	3.5735002
7	3.5375953
7	3.5593262
7	3.5180311
7	3.5499978
7	3.5231981
7	3.5522256
7	3.5104842
7	3.514267
7	3.5224595
7	3.5398057
7	3.5355382
7	3.6077137
7	3.566097
7	3.519259
7	3.486021
7	3.5329556
7	3.5280735
7	3.411648
7	3.431881
7	3.5446844
7	3.5441072
7	3.4818027
7	3.5401177
7	3.5521924
7	3.551151
7	3.5412416
7	3.5462863
7	3.5468807
7	3.5406327
7	3.5203438
7	3.4831882
7	3.4832628
7	3.541379
7	3.6126254
7	3.6124487
7	3.60677
7	3.5805078
7	3.5659754
7	3.4894195
7	3.569101
7	3.4860897
7	3.4829836
7	3.4879076
7	3.562314
7	3.5548835
7	3.5413322
7	3.541885
7	3.5618236
7	3.5576143
7	3.5796134
7	3.594091
7	3.592554
7	3.576491
7	3.5620732
7	3.5864244
7	3.4893441
7	3.570005
7	3.5706968
7	3.575539
7	3.5795698
7	3.5700653
7	3.5389986
7	3.5560713
7	3.5555828
7	3.5397854
7	3.5420895
7	3.509263
7	3.5073862
7	3.5189886
7	3.513304
7	3.4776847
7	3.6204581
7	3.6122324
7	3.4966736
7	3.4902458
7	3.4991653
7	3.5898004
7	3.5888033
7	3.5334826
7	3.5487542
7	3.7024484
7	3.652576
7	3.6159627
7	3.580996
7	3.6408718
7	3.640701
7	3.6442232
7	3.6114447
7	3.5851636
7	3.5130634
7	3.6213505
7	3.6444595
7	3.6134503
7	3.5241797
7	3.5465007
7	3.5951102
7	3.5673113
7	3.5936558
7	3.57685
7	3.535884
7	3.536813
7	3.602582
7	3.6026983
7	3.5346298
7	3.5983605
7	3.625586
7	3.651369
7	3.6315093
7	3.655588
7	3.6275704
7	3.491879
7	3.4794788
7	3.5497355
7	3.494269
7	3.508444
7	3.513208
7	3.562349
7	3.604394
7	3.562333
7	3.565495
7	3.4063787
7	3.5064187
7	3.5129704
7	3.423194
7	3.5048857
7	3.5714347
7	3.48721
8	3.5664797
8	3.5329826
8	3.4298882
8	3.416654
8	3.5174243
8	3.413599
8	3.4151242
8	3.6588173
8	3.576161
8	3.666047
8	3.6761713
8	3.5762272
8	3.538297
8	3.5354495
8	3.5507207
8	3.5363953
8	3.5486808
8	3.5380402
8	3.4834182
8	3.463449
8	3.4556284
8	3.477241
8	3.477891
8	3.5286756
8	3.5753691
8	3.5795033
8	3.5303779
8	3.4901905
8	3.497327
8	3.4963198
8	3.4974945
8	3.496304
8	3.5112576
8	3.497563
8	3.5009618
8	3.5001993
8	3.5357072
8	3.522375
8	3.5283852
8	3.5015666
8	3.528651
8	3.5202098
8	3.5276113
8	3.5986419
8	3.617315
8	3.529947
8	3.5929217
8	3.5558615
8	3.5366135
8	3.5698404
8	3.583944
8	3.5699313
8	3.4745078
8	3.4536686
8	3.5471184
8	3.5619512
8	3.547809
8	3.550294
8	3.53653
8	3.587047
8	3.5448585
8	3.5887556
8	3.57806
8	3.5421352
8	3.495894
8	3.4433696
8	3.497787
8	3.5707011
8	3.5681446
8	3.567559
8	3.547235
8	3.5674648
8	3.520235
8	3.3864632
8	3.4220827
8	3.5313063
8	3.5821044
8	3.7003636
8	3.5815153
8	3.6937585
8	3.6869233
8	3.583335
8	3.4655275
8	3.4690375
8	3.671492
8	3.619388
8	3.6530025
8	3.6274567
8	3.629954
8	3.6530337
8	3.579811
8	3.574513
8	3.5486317
8	3.5767245
8	3.569023
8	3.5453372
8	3.5609152
8	3.5560749
8	3.5449302
8	3.6074662
8	3.5508652
8	3.372276
8	3.441258
8	3.379517
8	3.3733425
8	3.374912
8	3.3640108
8	3.3274121
8	3.3735044
8	3.5424156
8	3.5677474
8	3.561923
8	3.5632615
8	3.5198646
8	3.4731731
8	3.4780607
8	3.4811568
8	3.4817684
8	3.5059948
8	3.5193777
8	3.511037
8	3.5017116
8	3.512721
8	3.4968863
8	3.5042603
8	3.504106
8	3.5180297
8	3.5612202
8	3.5582633
8	3.5569098
8	3.5588942
8	3.6351647
8	3.6261997
8	3.638498
8	3.6330552
8	3.615654
8	3.6325417
8	3.6288114
8	3.6155381
8	3.5498416
8	3.6259522
8	3.5533228
8	3.556448
8	3.673376
8	3.4985669
8	3.5140743
8	3.598934
8	3.636087
8	3.645003
8	3.6443045
8	3.624989
8	3.6220098
8	3.546245
8	3.5405521
8	3.563171
8	3.539722
8	3.5653646
8	3.548563
8	3.3759294
8	3.3554416
8	3.361404
8	3.3671577
8	3.3717813
8	3.5097792
8	3.5541015
8	3.5618238
8	3.5179513
8	3.5183668
8	3.494557
8	3.5078573
8	3.5363808
8	3.535084
8	3.5002613
8	3.6181068
8	3.5335915
8	3.53374
8	3.5163832
8	3.55027
8	3.618585
8	3.6122265
8	3.630474
8	3.5135098
8	3.5264947
8	3.5567136
8	3.5339406
8	3.5874224
8	3.6957183
8	3.5981278
8	3.5948892
8	3.515841
8	3.5016837
8	3.630024
8	3.6264029
8	3.530137
8	3.5346656
8	3.532061
8	3.514818
8	3.5328693
8	3.5320466
8	3.607501
8	3.6053913
8	3.6013308
8	3.6053762
8	3.58187
8	3.6064217
8	3.5940444
8	3.574392
8	3.5784588
8	3.5228906
8	3.5243454
8	3.5213206
8	3.6239247
8	3.6209412
8	3.6089282
8	3.6124773
8	3.6125698
8	3.4605622
8	3.4271874
8	3.4661133
8	3.4665627
8	3.4583473
8	3.4608266
8	3.4681478
8	3.5530438
8	3.55298
8	3.4779208
8	3.5679855
8	3.660465
8	3.6598964
8	3.6554537
8	3.5869038
8	3.5462267
8	3.5404854
8	3.5553145
8	3.5553799
8	3.5988464
8	3.5357838
8	3.5463183
8	3.5122342
8	3.5593615
8	3.5174673
8	3.5165663
8	3.5482123
8	3.5591855
8	3.4493818
8	3.492392
8	3.4886665
8	3.5671556
8	3.4822855
8	3.4870877
8	3.5559788
8	3.51679
8	3.5254114
8	3.517013
8	3.551183
8	3.564756
8	3.554679
8	3.5676537
8	3.564903
8	3.5335293
8	3.562263
8	3.53612
8	3.5634925
8	3.5943794
8	3.6302056
8	3.6747077
8	3.6003036
8	3.5030177
8	3.519174
8	3.531967
8	3.5074875
8	3.586792
8	3.6248255
8	3.632199
8	3.574226
8	3.6170053
8	3.5708203
8	3.5336087
8	3.5055742
8	3.5621219
8	3.5503101
8	3.5624232
8	3.599225
8	3.5775096
8	3.5784883
8	3.6085238
8	3.5972033
8	3.5930247
8	3.5797482
8	3.5521142
8	3.5787098
8	3.5102625
8	3.6892147
8	3.6337733
8	3.681786
8	3.5436573
8	3.5893886
8	3.5882583
8	3.5478919
8	3.5484242
8	3.3968086
8	3.4310312
8	3.629043
8	3.618723
8	3.6115644
8	3.6575575
8	3.62215
8	3.5632584
8	3.5757937
8	3.551287
8	3.5326571
8	3.5047576
8	3.6068962
8	3.5733032
8	3.6049597
8	3.503936
8	3.5004122
8	3.5301394
8	3.5404541
8	3.5578146
8	3.5586174
8	3.5694594
8	3.514616
8	3.505598
8	3.5046437
8	3.5063841
8	3.5581977
8	3.5904922
8	3.5019703
8	3.529522
8	3.5907502
8	3.5166202
8	3.5585032
8	3.5401728
8	3.531013
8	3.5301325
8	3.5205455
8	3.5437148
8	3.4987264
8	3.5237935
8	3.5186934
8	3.590829
8	3.5497446
8	3.518321
8	3.5252695
8	3.5173502
8	3.5126996
8	3.5220785
8	3.57547
8	3.5626788
8	3.5747118
8	3.5742478
8	3.532499
8	3.5242624
8	3.5628033
8	3.5625978
8	3.5425282
8	3.5121522
8	3.5203044
8	3.5120955
8	3.5204172
8	3.5238476
8	3.5124817
8	3.5699255
8	3.5230145
8	3.559404
8	3.5698256
8	3.5735366
8	3.5632794
8	3.4629622
8	3.4745498
8	3.4806018
8	3.4803948
8	3.4793684
8	3.4647436
8	3.4825728
8	3.568955
8	3.6007428
8	3.562322
8	3.5569427
8	3.6243584
8	3.5751126
8	3.5637999
8	3.5180275
8	3.493043
8	3.520383
8	3.4926648
8	3.5194936
8	3.545692
8	3.4566638
8	3.4511113
8	3.539546
8	3.539513
8	3.450964
8	3.538525
8	3.6141942
8	3.6009336
8	3.6139443
8	3.5955484
8	3.5134485
8	3.5208015
8	3.5118976
8	3.49865
8	3.5439856
8	3.5394874
8	3.5399213
8	3.5363002
8	3.4997227
8	3.547816
8	3.5743618
8	3.5256274
8	3.526092
8	3.5712214
8	3.568542
8	3.5690002
8	3.5734124
8	3.569874
8	3.5831428
8	3.5825472
8	3.5726485
8	3.5757513
8	3.566059
8	3.570183
8	3.5606701
8	3.5082676
8	3.5013776
8	3.4880867
8	3.5967832
8	3.5880184
8	3.493508
8	3.5011535
8	3.5407782
8	3.56277
8	3.5625997
8	3.5655587
8	3.5956092
8	3.6293244
8	3.5738068
8	3.626896
8	3.5833287
8	3.5734677
8	3.5860362
8	3.6064453
8	3.5894718
8	3.5996528
8	3.5899782
8	3.4558396
8	3.4853816
8	3.459304
8	3.480857
8	3.470055
8	3.4847565
8	3.4907684
8	3.494718
8	3.4761138
8	3.486283
8	3.4905438
8	3.5705512
8	3.570451
8	3.4957087
8	3.5641217
8	3.5655327
8	3.5695024
8	3.5650609
8	3.477767
8	3.5060794
8	3.5155134
8	3.5027885
8	3.5232086
8	3.532947
8	3.57282
8	3.6227028
8	3.6798553
8	3.5417163
8	3.5738542
8	3.5819707
8	3.501369
8	3.642789
8	3.5168536
8	3.5414076
8	3.54013
8	3.5458798
8	3.54136
8	3.545917
8	3.5387034
8	3.5412745
8	3.6735876
8	3.6724627
8	3.671966
8	3.661704
8	3.5801206
8	3.5413785
8	3.5470684
8	3.5502443
8	3.5890136
8	3.5684385
8	3.589829
8	3.5742204
8	3.496055
8	3.5917184
8	3.5172515
8	3.5249748
8	3.525873
8	3.5266018
8	3.5183325
8	3.4581537
8	3.4685519
8	3.4527354
8	3.5292716
8	3.5158734
8	3.5219738
8	3.5312474
8	3.5178943
8	3.5201626
8	3.5162137
8	3.531639
9	3.4898386
9	3.5241973
9	3.5096722
9	3.58943
9	3.5847526
9	3.5961134
9	3.561888
9	3.5124784
9	3.55373
9	3.6150372
9	3.560663
9	3.5549507
9	3.5351257
9	3.5566
9	3.5797453
9	3.5698824
9	3.5757847
9	3.533454
9	3.509268
9	3.563673
9	3.5535994
9	3.5998743
9	3.5960417
9	3.4243107
9	3.455565
9	3.4517775
9	3.4300656
9	3.5597458
9	3.481298
9	3.4784198
9	3.5539966
9	3.4870334
9	3.4755898
9	3.4821014
9	3.6141748
9	3.523047
9	3.494469
9	3.4945984
9	3.5229774
9	3.5108066
9	3.6432831
9	3.5913448
9	3.5169663
9	3.5018902
9	3.5098839
9	3.5732327
9	3.6595922
9	3.547487
9	3.6494267
9	3.6518192
9	3.5999398
9	3.614334
9	3.638295
9	3.6087744
9	3.6057687
9	3.634394
9	3.5698545
9	3.4049914
9	3.4145
9	3.518129
9	3.5201728
9	3.424478
9	3.513775
9	3.536951
9	3.5455565
9	3.5160708
9	3.5317738
9	3.5241218
9	3.4744558
9	3.7108283
9	3.4938297
9	3.5462382
9	3.5127137
9	3.553392
9	3.5727901
9	3.576188
9	3.5797808
9	3.5548902
9	3.5218015
9	3.547972
9	3.5574932
9	3.5192041
9	3.545144
9	3.4572067
9	3.4523873
9	3.5235703
9	3.4644048
9	3.4636827
9	3.5153408
9	3.550152
9	3.6183553
9	3.553257
9	3.6168182
9	3.6235871
9	3.568191
9	3.5261188
9	3.5244994
9	3.558603
9	3.5953083
9	3.5230405
9	3.5911896
9	3.52153
9	3.495459
9	3.5695133
9	3.5122204
9	3.5138867
9	3.5702147
9	3.5755818
9	3.5973887
9	3.5923495
9	3.5696478
9	3.530498
9	3.5309086
9	3.5108402
9	3.527974
9	3.5457463
9	3.502743
9	3.5014355
9	3.5955958
9	3.6030183
9	3.60261
9	3.60294
9	3.5230832
9	3.5215445
9	3.521666
9	3.4913385
9	3.4752817
9	3.4767122
9	3.5276873
9	3.4814487
9	3.4685946
9	3.486949
9	3.649237
9	3.6481645
9	3.5479574
9	3.5905855
9	3.6076584
9	3.645796
9	3.5737
9	3.5886183
9	3.5767949
9	3.5878448
9	3.577764
9	3.5340633
9	3.5707629
9	3.568716
9	3.5679443
9	3.5334444
9	3.6232982
9	3.57023
9	3.621351
9	3.5355916
9	3.5470786
9	3.5288124
9	3.5474088
9	3.5386214
9	3.539427
9	3.5156498
9	3.538105
9	3.5205612
9	3.5372255
9	3.5463684
9	3.5336275
9	3.583318
9	3.5396652
9	3.5656495
9	3.683798
9	3.6977625
9	3.7129197
9	3.6960487
9	3.6038232
9	3.6036577
9	3.63735
9	3.6028233
9	3.6091208
9	3.60507
9	3.4313872
9	3.4854097
9	3.449409
9	3.4872558
9	3.532301
9	3.5285134
9	3.5229042
9	3.5257845
9	3.5260844
9	3.5258336
9	3.5040882
9	3.5096748
9	3.5657625
9	3.6332636
9	3.62789
9	3.6275945
9	3.6276999
9	3.628901
9	3.5304155
9	3.5319867
9	3.537537
9	3.4192991
9	3.4412615
9	3.4348173
9	3.4207811
9	3.6330996
9	3.5432787
9	3.541686
9	3.565611
9	3.5726652
9	3.5510097
9	3.5372937
9	3.516035
9	3.5147185
9	3.5397472
9	3.5301142
9	3.5160806
9	3.8437371
9	3.8379765
9	3.6314042
9	3.827889
9	3.584123
9	3.5135922
9	3.5709832
9	3.575876
9	3.5551229
9	3.5528908
9	3.6088316
9	3.5544133
9	3.5818882
9	3.568129
9	3.660295
9	3.665785
9	3.590183
9	3.653695
9	3.6399114
9	3.442897
9	3.6229734
9	3.6276317
9	3.596105
9	3.5940857
9	3.4996257
9	3.500142
9	3.5097167
9	3.4798698
9	3.5071826
9	3.5911105
9	3.6603909
9	3.5886445
9	3.5398412
9	3.5461805
9	3.5738285
9	3.576787
9	3.5512366
9	3.5998602
9	3.4641917
9	3.5821276
9	3.5830553
9	3.492434
9	3.4913123
9	3.5032513
9	3.5523977
9	3.549814
9	3.549542
9	3.5489373
9	3.5520995
9	3.55229
9	3.5427437
9	3.532534
9	3.5411434
9	3.6119592
9	3.6245646
9	3.5695858
9	3.56654
9	3.576075
9	3.5891027
9	3.5768182
9	3.4776025
9	3.5031729
9	3.4744606
9	3.474313
9	3.5469327
9	3.5407362
9	3.5325766
9	3.5108726
9	3.3768806
9	3.3816953
9	3.5737934
9	3.549791
9	3.5077565
9	3.4583077
9	3.468909
9	3.45545
9	3.4566183
9	3.5088558
9	3.4849544
9	3.4922686
9	3.5739381
9	3.5289574
9	3.4916263
9	3.484321
9	3.6274621
9	3.562222
9	3.5655298
9	3.6378686
9	3.5936406
9	3.5931478
9	3.5898497
9	3.5894382
9	3.5828943
9	3.550911
9	3.4606342
9	3.5823517
9	3.568221
9	3.5713987
9	3.5708313
9	3.5713015
9	3.5926056
9	3.6236193
9	3.6134114
9	3.5957189
9	3.595512
9	3.5761724
9	3.5357533
9	3.536032
9	3.6358352
9	3.6181307
9	3.61983
9	3.6180832
9	3.6208544
9	3.5599523
9	3.59637
9	3.5637507
9	3.5648475
9	3.4756784
9	3.5170455
9	3.546401
9	3.5499063
9	3.613535
9	3.433086
9	3.6053007
9	3.6054418
9	3.4381304
9	3.60495
9	3.5552895
9	3.50203
9	3.5007942
9	3.522355
9	3.6525877
9	3.6091833
9	3.612864
9	3.6124234
9	3.4851022
9	3.5385127
9	3.5269327
9	3.5282557
9	3.5270476
9	3.5263293
9	3.5292494
9	3.508229
9	3.6044576
9	3.5992124
9	3.5183227
9	3.5919251
9	3.5198894
9	3.5702574
9	3.5793278
9	3.5999875
9	3.5911436
9	3.5971634
9	3.5968628
9	3.5952268
9	3.5904808
9	3.47604
9	3.5007734
9	3.461913
9	3.4848535
9	3.6345181
9	3.6496615
9	3.448461
9	3.444687
9	3.4809856
9	3.4339912
9	3.5113077
9	3.498525
9	3.4924042
9	3.5232363
9	3.5947099
9	3.575268
9	3.576282
9	3.5603313
9	3.5600936
9	3.6061068
9	3.6112554
9	3.4547415
9	3.5381546
9	3.523316
9	3.501237
9	3.500967
9	3.4646614
9	3.4651577
9	3.5751398
9	3.5952582
9	3.5452182
9	3.5308254
9	3.514264
9	3.4734468
9	3.5060735
9	3.4882722
9	3.5017765
9	3.5641675
9	3.466844
9	3.4594321
9	3.529427
9	3.5120447
9	3.6602056
9	3.486106
9	3.5000796
9	3.4944837
9	3.52956
9	3.49063
9	3.5297546
9	3.6077251
9	3.5135946
9	3.4950252
9	3.5827065
9	3.507338
9	3.5618155
9	3.6014915
9	3.4239614
9	3.5083466
9	3.5318718
9	3.4649534
9	3.4882522
9	3.5640724
9	3.538105
9	3.5211482
9	3.581067
9	3.5675101
9	3.5211296
9	3.5230846
9	3.46146
9	3.490335
9	3.5233097
9	3.5989838
9	3.5144665
9	3.4616055
9	3.489674
9	3.6103687
9	3.47251
9	3.5902162
9	3.5094416
9	3.5569808
9	3.5384302
9	3.5369
9	3.5414577
9	3.5046058
9	3.455258
9	3.586822
9	3.5306668
9	3.4929776
9	3.439149
9	3.5767968
9	3.6080308
9	3.4308853
9	3.4731548
9	3.451262
9	3.4553223
9	3.4447594
9	3.5334811
9	3.4642487
9	3.4792268
9	3.4753218
9	3.4847574
9	3.4909492
9	3.5079968
9	3.5110016
9	3.4698954
9	3.5621948
9	3.4515653
9	3.5486665
9	3.514215
9	3.5673003
9	3.380558
9	3.5207276
9	3.4263644
9	3.587734
9	3.53134
9	3.4964883
9	3.5591516
9	3.5947418
9	3.4145768
9	3.5281644
9	3.5733938
9	3.4834085
9	3.5070324
