Pair_ID	relatedness_score
6	2.8436651
7	3.9641967
8	2.8851557
1	3.6452334
1	3.9323843
1	1.6756483
1	2.1386905
1	1.9879929
1	2.256825
1	3.938437
2	3.9395444
2	3.8389797
2	3.8272877
2	3.8484724
2	3.818854
2	3.552667
3	3.6669683
3	3.9336367
3	2.7271361
3	4.039194
3	2.3129501
3	3.195891
3	2.9392567
3	3.761475
4	3.9092011
4	3.9737477
4	3.0178535
4	3.7328956
5	4.006842
5	3.601531
5	3.990881
5	3.7592487
5	3.9419484
5	3.9805212
5	3.8645988
6	3.735931
6	3.0607984
6	3.4762406
6	2.34266
6	3.4920514
6	3.6714802
6	3.003811
6	2.8551402
7	3.0486758
7	3.960744
7	3.9559045
7	3.940434
8	2.5762815
8	2.3937278
8	3.7681289
9	2.7574859
9	3.620724
9	3.8135061
1	3.8235252
1	3.671469
1	2.8253894
1	3.7308502
1	2.8375015
1	3.9636629
1	1.8139466
1	3.9498897
1	3.8118906
1	3.985693
1	3.584276
1	3.847751
1	3.7216635
1	1.9395479
1	1.6189562
1	1.8491794
1	3.8672047
1	3.2737184
1	2.134446
1	1.9848965
1	3.0537624
1	3.6231503
1	3.6591663
1	2.6698723
1	2.564063
1	2.40569
1	3.8502645
1	3.576038
1	3.7487106
1	3.659813
1	3.9360332
1	3.4893463
1	3.264594
1	3.8865926
1	3.860784
1	3.9330506
1	2.1514416
1	2.989524
1	2.800834
1	3.6423085
1	3.8152094
1	3.8177087
1	3.8169649
1	3.4389505
1	3.556433
1	3.667241
1	3.3419166
1	4.030657
1	3.5134737
1	3.951294
1	4.0662093
1	4.0606794
1	4.0715523
1	3.9543982
1	3.9668345
1	3.8539782
1	3.998392
1	3.3844743
1	2.8191924
1	2.4573689
1	2.7087288
2	2.9953017
2	3.9272196
2	3.8755374
2	4.033137
2	3.8758144
2	3.794984
2	3.7794719
2	3.807106
2	3.4709907
2	3.2772036
2	3.5887206
2	3.6458836
2	3.7457452
2	3.8001359
2	3.2728553
2	4.0174127
2	2.0150797
2	2.5818057
2	2.89952
2	3.6470342
2	3.8364348
2	3.8986535
2	2.5158234
2	2.8810325
2	3.5131664
2	1.7362267
2	2.3136353
2	3.1947408
2	2.9994454
2	3.8005462
2	3.8262396
2	3.791593
2	3.9212394
2	3.719676
2	3.3597064
2	3.5761905
2	3.6488814
2	3.7435765
2	3.0326238
2	3.4323578
2	4.0223684
2	2.3111956
2	3.1633892
2	3.1494088
2	3.7078032
2	3.9703236
2	3.2159593
2	3.7126694
2	3.3661275
2	3.6391795
3	4.0044017
3	3.5905728
3	3.872828
3	3.4683893
3	3.7754576
3	1.7664341
3	1.2857348
3	2.0159218
3	1.6784176
3	1.8484671
3	3.7852445
3	2.2556186
3	1.968204
3	2.51227
3	2.616887
3	2.8261695
3	4.133907
3	3.0501275
3	1.2930628
3	3.9145985
3	2.1442075
3	2.0613532
3	2.0387464
3	2.3930874
3	3.767531
3	3.898491
3	3.418458
3	2.2911615
3	3.5567565
3	2.7463427
3	3.6099067
3	3.9261804
3	3.2985518
3	3.654652
3	3.7200189
3	2.5459886
3	3.862427
3	3.919662
3	3.4381526
3	3.9543118
3	3.7958643
3	4.012206
4	2.8062382
4	3.3020978
4	3.6141424
4	2.1652648
4	2.191162
4	2.870852
4	3.9385917
4	3.506332
4	3.567645
4	3.739387
4	3.6636858
4	3.643286
4	2.0608933
4	2.9033227
4	3.7963276
4	3.5744543
4	3.9529812
4	3.117126
4	3.7513838
4	3.1070242
4	3.3871832
4	3.823113
4	4.028314
4	3.6414456
4	4.033341
4	3.1937733
4	3.6381323
4	3.7845469
4	3.553968
4	3.6973834
4	3.1389337
4	3.251102
4	2.888939
4	2.4146533
4	3.952657
4	3.739872
4	4.0511107
4	3.562698
4	3.7681217
4	3.9510112
4	3.4651365
4	3.9881573
4	3.09111
4	1.6997565
4	1.6697592
4	1.5205721
4	2.7773085
4	3.941196
4	2.326129
4	3.497847
4	3.2575989
4	3.134299
4	1.9827249
4	3.259834
4	3.7717044
4	3.8498418
5	3.299057
5	3.8769147
5	3.365132
5	2.751494
5	2.8592134
5	3.6827915
5	3.4858398
5	2.5294816
5	4.056597
5	4.016335
5	3.8885787
5	3.4467094
5	3.8215585
5	2.1939924
5	4.022369
5	3.8514202
5	2.7893968
5	2.336443
5	3.5427632
5	2.9152062
5	2.5662856
5	3.1222143
5	4.026938
5	3.7570806
5	3.3222485
5	2.7789748
5	3.3826075
5	3.753513
5	3.7538314
5	3.3771832
5	3.2779665
5	3.8657658
5	4.025075
5	3.875453
5	3.929946
5	3.6799998
5	3.917911
5	3.2469726
5	3.1852396
5	3.6062636
5	3.4005985
5	3.2590647
5	3.665904
5	3.4968452
5	3.633739
5	3.4448729
5	3.705827
5	2.2489324
5	3.7416658
5	3.6583946
5	3.3111331
5	3.6435404
5	3.8294225
5	3.7203274
5	3.458887
5	3.3577278
5	3.979487
6	3.9131205
6	3.7195044
6	1.8100928
6	1.8435446
6	1.7266201
6	2.4973722
6	3.9107165
6	3.5422246
6	3.6167831
6	3.8495717
6	3.7107863
6	2.3673675
6	3.7231774
6	3.5057554
6	4.127115
6	3.7647936
6	2.8859591
6	3.0790493
6	4.0180626
6	2.6614065
6	3.9594479
6	3.771124
6	3.906066
6	3.3338523
6	3.9998405
6	3.5627801
6	3.915973
6	3.2079144
6	3.9349325
6	3.8966591
6	3.851016
6	3.5806754
6	2.9825032
6	3.2832873
6	3.7273993
6	2.317492
6	3.5307035
6	4.014393
6	3.3474998
6	3.3455544
6	3.9241595
6	3.8833506
6	3.1554377
6	3.596003
6	3.2639616
6	3.8720198
7	3.6447983
7	3.8539534
7	3.7068257
7	3.722853
7	2.1271863
7	2.8299778
7	3.7088985
7	1.8176746
7	2.7206533
7	3.6776206
7	3.9192038
7	3.9042969
7	3.5736985
7	3.48946
7	3.3635218
7	3.8176327
7	3.841103
7	3.3817444
7	2.9513576
7	2.3112636
7	2.1518948
7	2.458179
7	3.0133889
7	1.3760146
7	3.6717057
7	3.1066005
7	2.246166
7	3.483418
7	3.962973
7	1.9542003
7	2.677339
7	2.3679872
7	3.8675578
7	3.750952
7	2.489479
7	2.4880447
7	1.8120273
7	3.769717
7	3.7241843
7	3.946807
7	2.0972443
7	3.0068843
7	2.866157
7	3.9267807
7	3.77015
7	3.657763
8	2.9551554
8	3.0576377
8	2.4273725
8	3.641871
8	3.4507124
8	2.9360516
8	3.971004
8	4.024897
8	2.9846795
8	4.1304755
8	2.8901813
8	3.7101903
8	3.816453
8	3.0921009
8	1.6661519
8	1.6691893
8	1.3604392
8	3.5142138
8	3.5718431
8	3.9205647
8	3.4078004
8	3.6800122
8	4.04008
8	3.3679576
8	4.0049944
8	3.7963495
8	3.6611223
8	4.03386
8	3.5416942
8	3.6257493
8	3.7052631
8	3.5932474
8	3.7428203
8	3.7221677
8	3.973318
8	3.8456612
8	3.7785258
8	3.6620626
8	3.9648814
8	3.8735433
8	3.150928
8	3.4477365
8	3.6691203
8	3.4539442
8	1.9993373
8	2.5457845
8	3.0800228
8	2.2212815
9	4.1114235
9	3.6468801
9	3.917427
9	3.1783652
9	2.5309937
9	2.713727
9	3.8101325
9	3.848058
9	3.0223098
9	3.6821392
9	2.2088726
9	3.8285136
9	3.5258162
9	3.9692006
9	3.8869839
9	3.9091084
9	2.4461727
9	3.4613826
9	2.6108143
9	3.9070077
9	4.0711565
9	3.9785056
9	3.5087724
9	3.159565
9	3.9527361
9	3.2468271
9	3.3162026
9	3.0762863
9	1.7115759
9	3.0874825
9	3.4060204
9	3.5775237
9	3.6893983
9	2.7228184
9	1.9345443
9	3.4367936
9	2.55622
9	3.3464665
9	3.8743877
9	3.6396556
9	3.91827
9	3.588119
9	3.7483377
9	3.5801353
9	3.902017
9	3.8223825
9	2.357242
9	2.9081874
9	1.9634892
9	2.4130597
9	3.463714
1	3.9497724
1	2.8542166
1	3.8656855
1	3.3697739
1	3.6602817
1	2.8680782
1	3.13965
1	3.9094288
1	3.411553
1	3.803103
1	3.9110205
1	3.7549076
1	3.63924
1	2.8486352
1	1.9050194
1	3.4764671
1	3.8475184
1	3.4813316
1	3.739933
1	3.2809606
1	3.3170142
1	2.2430453
1	1.7172555
1	3.1155672
1	3.749894
1	3.860965
1	3.747962
1	3.9452505
1	4.0862694
1	3.8235693
1	3.5015702
1	3.8470047
1	3.8868976
1	3.7296958
1	2.7990296
1	4.009935
1	4.024437
1	3.7867002
1	3.6710734
1	3.095675
1	3.5360703
1	3.7596598
1	3.6964364
1	3.3820853
1	3.9162912
1	1.0478598
1	1.7890152
1	1.5939829
1	3.4575293
1	3.4326115
1	3.7220988
1	1.1417571
1	1.4727279
1	1.8357435
1	3.4543853
1	3.5089526
1	3.6538565
1	3.9368534
1	3.9878979
1	3.3935835
1	3.9588332
1	3.749978
1	3.949209
1	3.955729
1	3.7005067
1	3.5363994
1	3.0525966
1	3.9724424
1	3.9329247
1	0.84145236
1	0.9159657
1	0.7976422
1	3.7438145
1	3.4630847
1	3.632789
1	3.681842
1	3.788384
1	3.7793016
1	3.4493914
1	3.7459881
1	3.509647
1	3.9248073
1	3.8779073
1	3.5973434
1	3.6302168
1	3.4203787
1	2.5683303
1	3.4747567
1	3.8066096
1	0.8548264
1	0.78382486
1	3.9486217
1	3.3679438
1	3.7396245
1	2.4925897
1	3.7611732
1	3.8622508
1	3.5475008
1	3.075434
1	3.31131
1	3.3371234
1	3.8559113
1	3.7722304
1	3.7185137
1	3.8184001
1	3.6693099
1	3.809095
1	3.1003213
1	3.5901523
1	3.8342457
1	3.3762121
1	3.2145758
1	3.8600564
1	3.6543384
1	2.6877704
1	3.2533622
1	4.0160146
1	3.5626426
1	3.5564818
1	3.450177
1	3.4023144
1	3.9672313
1	3.9507914
1	3.7171052
1	3.8862417
1	3.5876334
1	2.5024333
1	3.7512274
1	3.309583
1	3.945132
1	3.9261281
1	3.7058098
1	3.603326
1	3.6546445
1	3.6200943
1	3.844254
1	3.7925181
1	3.8259747
1	1.2439412
1	3.2361898
1	3.6337438
1	2.880251
1	3.5353346
1	3.7376876
1	3.5887218
1	3.9085908
1	3.3803277
1	3.8302317
1	3.1557457
1	3.6290908
1	3.773309
1	2.8053784
1	3.573916
1	3.513283
1	1.5609657
1	2.3812602
1	3.749064
1	3.9373183
1	3.5880256
1	0.8502502
1	0.78915197
1	0.86045533
1	0.8489042
1	3.8834891
1	1.736666
1	3.8787713
1	3.1183157
1	1.697056
1	2.3478312
1	3.7601953
1	3.6175652
1	3.7647104
1	3.9328442
1	2.8214798
1	2.7814717
1	3.1774516
1	3.7381315
1	3.4781973
1	3.812872
1	3.376503
1	3.947237
1	3.0256176
1	3.1541247
1	3.595408
1	3.12639
1	3.2660265
1	3.107461
1	3.8967905
1	3.0837612
1	3.1898336
1	3.521871
1	3.603332
1	3.4228387
1	3.70572
1	3.7927663
1	3.7908077
1	3.9262233
1	3.6424387
1	0.9264264
1	0.61090475
1	0.9422178
1	2.3657622
1	3.218727
1	2.4995427
1	1.8866397
1	3.2223241
1	3.3403463
1	3.600037
1	2.7144623
1	3.8669872
1	3.783442
1	3.644517
1	3.8552635
1	2.4185526
1	3.738629
1	3.595214
1	0.8954466
1	1.279593
1	1.0085613
1	3.384276
1	3.5175152
1	3.046063
1	3.2331505
1	3.841376
1	3.3020873
1	1.6120311
1	2.375297
1	1.8388215
1	1.4073771
1	3.6346016
1	3.7003527
1	3.4875317
1	3.230884
1	3.0593047
1	3.402581
1	3.6296244
1	3.4301193
1	3.6310163
1	3.2458935
1	1.9209276
1	3.7012334
1	3.4666457
1	3.8820462
1	3.9231138
1	3.769484
1	3.6849618
1	3.8388977
1	1.4403859
1	2.8946056
1	3.0017734
1	3.7265801
1	3.817402
1	3.476634
1	3.9047406
1	3.7376153
1	3.699174
1	3.8863845
1	1.9523613
1	2.739924
1	2.0102575
1	3.8394089
1	3.165718
1	3.848925
1	1.5373439
1	3.0218434
1	2.5850973
1	3.593783
1	1.3165294
1	1.3736404
1	3.8737864
1	3.890677
1	2.4929497
1	2.5706534
1	3.3380342
1	2.904284
1	2.4118996
1	1.9202183
1	3.4418712
1	3.7981634
1	3.7290328
1	2.312765
1	2.1064234
1	3.3692918
1	3.7210088
1	3.6209142
1	3.1617084
1	3.7851906
1	3.8007078
1	3.3196402
1	3.9612017
1	3.658547
1	3.8597913
1	3.530334
1	3.9915419
1	3.9589505
1	3.4408221
1	3.7103052
1	3.9496274
1	1.7915365
1	3.927443
1	3.7351341
1	3.4131432
1	3.4627118
1	3.949375
1	3.1890097
1	2.6805513
1	2.9181201
1	3.6432133
1	3.3251143
1	3.8101053
1	3.583714
1	2.50221
1	1.6772132
1	3.8029947
1	3.472657
1	3.0875623
1	3.5591216
1	3.6659155
1	3.396689
1	3.9190845
1	3.9508183
1	3.8766181
1	3.533317
1	4.0120034
1	3.843644
1	3.7506714
1	3.8220234
1	2.8006227
1	3.258652
1	3.958767
1	1.0430552
1	1.4416127
1	3.9461012
1	3.8652782
1	3.9624205
1	3.9715252
1	3.9345949
1	3.779872
1	3.9372823
1	3.9823675
1	3.9838314
1	1.85001
1	3.9157987
1	3.824609
1	2.522488
1	3.2263432
1	3.9693587
1	1.0907687
1	3.9858174
1	2.3902366
1	2.2785246
1	3.4601264
1	3.1653512
1	2.7944632
1	3.4782376
1	3.9195032
1	3.9803543
1	2.816002
1	4.0398107
1	3.7316115
1	3.0972166
1	2.7807922
1	1.7274319
1	3.819181
1	3.7503843
1	3.7413688
1	0.84535867
1	0.8456049
1	0.8861156
1	0.9408495
1	4.066647
1	3.4613018
1	2.9370878
1	3.9062119
1	3.8441849
1	3.842184
1	3.8631973
1	3.2345567
1	3.3239927
1	3.6186848
1	3.449357
1	2.7012231
1	2.1614265
1	4.0126443
1	3.6585093
1	3.8873348
1	3.851338
1	3.9217505
1	3.4265227
1	3.8117537
1	3.600659
1	4.0133758
1	3.6998172
1	3.8290062
1	3.824832
1	3.42719
1	3.432229
1	1.7860074
1	3.4856226
1	1.942333
1	1.6682217
1	2.600361
1	3.3518152
1	3.6297631
1	3.9418595
1	3.861159
1	3.834015
1	3.3332314
1	2.876811
1	2.9775772
1	4.0151124
1	3.8138556
1	3.9484806
1	3.595798
1	3.84265
1	2.8744147
1	3.9143853
1	3.9865437
1	3.2297468
1	2.9100642
1	3.8268728
1	3.9014645
1	3.5110085
1	3.742543
1	2.9953187
1	3.972199
1	3.7170427
1	1.6463386
1	1.6910075
1	3.0718143
1	3.8266575
1	2.9585927
1	3.7339227
1	3.8411555
1	3.62674
1	3.9517875
1	3.838653
1	3.256087
1	3.5142515
1	3.3238635
1	3.695258
1	3.1229663
1	1.3119544
1	3.2822394
1	3.8114982
1	3.9596653
1	3.653189
1	2.6696136
1	3.8643289
1	3.656548
1	2.605859
1	3.6510842
1	3.383543
1	3.4661393
1	3.1794443
1	3.4518726
1	3.608348
1	3.6649835
1	1.4434842
1	1.911459
1	1.3825027
1	3.0234246
1	3.7304177
1	3.03798
1	1.3992461
1	1.185439
1	1.0735093
1	2.7580743
1	3.9179072
1	3.88586
1	3.338483
1	3.5327837
1	3.8091311
1	1.1490879
1	1.0447567
1	1.3870009
1	1.1000291
1	1.1979333
1	0.85512614
1	3.892826
1	3.7533624
1	0.98260456
1	3.7464705
1	3.5798833
1	3.9715252
1	3.6283839
1	3.6918197
1	3.7624025
1	3.4594307
1	1.2723379
1	1.126513
1	1.0890659
1	1.1919035
1	3.6443896
1	3.4187818
1	3.6889515
1	3.6160984
1	3.427145
1	3.4033296
1	3.9603686
1	1.834494
1	3.6382148
1	1.197635
1	1.2435412
1	1.4175752
1	1.607108
1	2.8479066
1	3.5284204
1	3.758902
1	3.7690763
2	3.4624581
2	2.826081
2	2.7965095
2	2.2931695
2	3.700854
2	1.0202373
2	1.8040259
2	1.1473886
2	3.745687
2	3.6708717
2	3.558679
2	3.1862617
2	2.212156
2	3.3151646
2	3.0696292
2	3.4440084
2	4.002496
2	3.8396509
2	2.1570249
2	3.2481012
2	2.0369337
2	3.847003
2	3.9593813
2	3.2407756
2	3.3884525
2	3.2653255
2	3.6301365
2	3.9360814
2	3.9051073
2	3.813057
2	3.2062945
2	2.9326982
2	2.8365953
2	3.9185596
2	3.9285688
2	1.6669174
2	3.218729
2	3.9249375
2	2.9163995
2	1.6715631
2	1.2648561
2	1.3469223
2	3.8731875
2	3.9328308
2	2.8596334
2	3.9106011
2	3.7502637
2	3.7637873
2	4.0100718
2	4.0209794
2	4.0426826
2	3.8866067
2	3.6900713
2	3.92935
2	3.7114997
2	3.9186015
2	3.8363552
2	3.8482847
2	3.837982
2	3.9606855
2	3.3580813
2	3.9885411
2	3.7929063
2	3.528739
2	3.5929337
2	2.9410753
2	3.0159621
2	3.746542
2	1.8414084
2	3.7744913
2	3.8735228
2	2.5590649
2	4.0002112
2	3.5185256
2	3.694132
2	3.6842813
2	2.548781
2	3.767704
2	3.6808314
2	2.2014112
2	2.4718018
2	3.7698607
2	3.7467136
2	3.1177042
2	3.2029884
2	3.8319354
2	3.2809296
2	2.4541905
2	3.805735
2	3.2973652
2	3.1116335
2	3.2233186
2	3.2250154
2	3.9392319
2	1.7993004
2	2.7981968
2	2.7203283
2	2.6758337
2	3.4538207
2	3.4301867
2	4.027329
2	3.9819489
2	3.7348814
2	3.9328213
2	3.9324038
2	3.7265284
2	3.7528908
2	3.9238803
2	3.885779
2	2.9227135
2	3.5186665
2	3.49259
2	3.7579355
2	3.951478
2	3.8036885
2	3.8114974
2	3.890963
2	3.8053393
2	3.7758117
2	2.8449507
2	3.9348843
2	3.5970917
2	3.2090688
2	3.7582924
2	3.6509097
2	3.5291877
2	3.995019
2	3.5967574
2	3.827361
2	3.844913
2	3.8903987
2	2.673625
2	3.358509
2	3.8546133
2	3.9330418
2	3.4183793
2	3.241741
2	3.7965746
2	2.8428411
2	3.8370037
2	3.8442395
2	3.8631382
2	3.819059
2	3.391415
2	3.7218375
2	3.5485668
2	3.2249188
2	2.985898
2	3.871963
2	2.6199424
2	2.2633085
2	2.7703996
2	3.0902567
2	3.2800832
2	3.9038105
2	2.5578475
2	2.7683914
2	3.6125522
2	2.6777236
2	3.7309518
2	3.6787162
2	3.8348413
2	3.883366
2	3.2194018
2	3.3629742
2	2.5417016
2	3.4455214
2	3.5242696
2	3.841127
2	3.885663
2	3.835548
2	2.8756092
2	3.576933
2	3.934482
2	3.6677883
2	3.7034693
2	3.5557275
2	3.3403492
2	3.8913307
2	3.8692298
2	3.8830616
2	3.5255475
2	3.224862
2	3.5172014
2	1.4647429
2	1.8286383
2	3.7830853
2	3.8881721
2	3.744238
2	3.8261783
2	3.424161
2	3.152952
2	3.5651293
2	3.570581
2	3.0774555
2	3.708894
2	3.8142698
2	3.1362724
2	3.0926166
2	3.7615547
2	3.732046
2	3.522204
2	3.226897
2	2.4380503
2	3.6577482
2	3.9968295
2	4.0764303
2	3.1202388
2	3.60323
2	2.9085126
2	3.2893126
2	2.0685582
2	3.5262666
2	3.9229722
2	3.7845712
2	3.7859135
2	3.738707
2	2.4336526
2	3.3717473
2	3.451262
2	3.2190306
2	2.3544445
2	3.772621
2	3.7878175
2	2.0066392
2	3.9135733
2	3.7862053
2	3.6723049
2	3.04728
2	2.616179
2	3.3451085
2	2.3183277
2	3.3627603
2	3.5871117
2	2.3413908
2	1.7146915
2	3.7973876
2	3.9310822
2	3.3436685
2	1.6060336
2	1.5226407
2	3.8962975
2	3.6091328
2	3.3546329
2	3.7298598
2	3.791374
2	4.003904
2	3.87712
2	3.7176466
2	2.8882742
2	2.2864866
2	2.785596
2	2.722335
2	3.7816186
2	3.4192176
2	3.9108336
2	3.3735595
2	3.7260323
2	3.91047
2	3.375351
2	3.9017816
2	3.1710596
2	2.9279761
2	3.6163745
2	3.082423
2	3.339746
2	3.8425848
2	3.4773574
2	3.753473
2	3.7187393
2	2.0198781
2	3.5527277
2	3.6312187
2	3.3198276
2	3.7698174
2	3.760724
2	1.794554
2	1.9330523
2	1.5854285
2	3.8359604
2	3.8498878
2	3.7283447
2	3.5194526
2	2.9468293
2	3.775986
2	3.6488442
2	3.8894348
2	3.115583
2	3.994299
2	3.6951137
2	3.1854808
2	3.3334064
2	3.7534552
2	3.5359225
2	3.8484683
2	3.8161888
2	3.4750035
2	3.822691
2	3.7405276
2	3.6611757
2	2.8564878
2	3.2134416
2	2.876572
2	2.4644928
2	3.1044726
2	3.9217033
2	3.8697052
2	3.812549
2	4.048053
2	3.9430811
2	1.328907
2	4.093166
2	2.7660017
2	3.9270968
2	3.444985
2	4.0187874
2	3.9269483
2	3.5996137
2	2.8755217
2	2.9308534
2	3.7482293
2	3.280615
2	3.6776838
2	3.147275
2	2.7835383
2	4.003091
2	4.02143
2	3.7412398
2	3.4841816
2	3.7581272
2	3.0503392
2	3.884077
2	2.503789
2	3.4614334
2	3.8519194
2	3.8417163
2	3.4439855
2	3.5362866
2	3.7049987
2	3.807056
2	3.6177619
2	2.9424443
2	3.9038892
2	2.1657119
2	3.7989492
2	3.735772
2	3.814948
2	3.7550309
2	3.8101535
2	1.5250988
2	1.6420463
2	1.6159867
2	3.6959085
2	3.593404
2	3.7973585
2	3.4289982
2	3.9994392
2	3.4897187
2	3.8613086
2	3.9632707
2	3.5795271
2	2.6496277
2	4.015391
2	3.8200026
2	3.7691753
2	3.835166
2	3.4887893
2	1.9912689
2	3.9179525
2	3.9265976
2	3.9353023
2	3.9395118
2	3.235566
2	3.3306367
2	3.8090107
2	3.7710183
2	3.8867774
2	3.541644
2	3.4459305
2	3.9593165
2	3.2929292
2	3.9131408
2	3.4844246
2	1.7107207
2	3.8120728
2	3.6442533
2	3.0213122
2	2.486599
2	3.9205406
2	3.9986632
2	3.536398
2	3.9483547
2	3.9852366
2	3.9672325
2	3.9986625
2	3.8294504
2	2.935586
2	3.9330149
2	2.8873787
2	3.5919783
2	3.2245991
2	3.5898118
2	3.448395
2	1.4792722
2	2.8826141
2	3.6720295
2	3.807424
2	3.0917768
2	1.9023353
2	2.8558052
2	3.428781
2	3.343215
2	3.763363
2	2.6680093
2	3.5220816
2	3.854659
2	3.6190202
2	3.5185204
2	3.6088665
2	3.6226263
2	3.590871
2	3.759486
2	1.7589433
2	3.7580462
2	3.9755423
2	3.7752786
2	3.0973003
2	3.7557504
2	3.8669858
2	3.1443071
2	3.3344133
2	3.4979892
2	3.6112356
2	3.900162
2	3.988129
2	3.756977
2	1.5620289
2	2.3759189
2	3.0504005
2	2.7591207
2	3.314825
2	2.789136
2	3.3376713
2	3.7242036
2	1.8362963
2	3.2745504
2	3.9225364
2	3.8611345
2	3.8695703
2	3.5927927
2	3.2785487
2	3.8076818
2	3.319639
2	3.2694335
2	3.4875038
2	3.274813
2	3.5234191
2	3.9399166
2	3.6058183
2	3.9755082
2	3.8103952
2	3.13179
2	3.8810287
2	3.866829
2	3.7565677
2	3.7674208
2	3.2043004
2	1.493811
2	2.7843454
2	3.969764
3	3.1348474
3	3.3876643
3	3.6931179
3	3.837462
3	4.011841
3	3.901877
3	3.899812
3	3.4434404
3	3.9328513
3	3.4048433
3	3.957401
3	4.0147543
3	3.9273627
3	3.8104706
3	3.9179192
3	3.5528946
3	2.255886
3	1.9140781
3	1.9964586
3	1.4307016
3	3.8844311
3	3.9899225
3	3.868902
3	3.8260102
3	4.0200787
3	4.015883
3	3.0954242
3	3.9633718
3	3.9810586
3	3.7088394
3	3.8150942
3	3.7814736
3	3.921187
3	3.8940206
3	2.751928
3	3.6014872
3	3.785085
3	3.6320815
3	3.534223
3	3.660029
3	4.0212793
3	3.6769187
3	3.1214347
3	3.2358441
3	3.7801456
3	3.0312877
3	3.8725967
3	3.6936355
3	3.31113
3	3.8851948
3	3.2055445
3	3.8471384
3	3.7592473
3	1.2642543
3	3.7734776
3	3.7995455
3	2.3338757
3	3.8176603
3	3.9953275
3	3.9837904
3	1.6345624
3	3.7864783
3	3.9831624
3	3.9055681
3	2.2043762
3	3.5566964
3	3.3349
3	3.535788
3	3.044686
3	3.5748038
3	3.5829294
3	3.4449663
3	3.7665863
3	3.618862
3	3.892062
3	3.5374568
3	3.563201
3	3.7753944
3	3.7806396
3	3.1627254
3	3.297793
3	3.2401726
3	3.8975341
3	2.6195483
3	1.7244298
3	2.7006567
3	1.6680845
3	1.6348532
3	3.8480434
3	3.605408
3	3.3473735
3	3.6063576
3	3.9635906
3	4.008726
3	2.9664414
3	3.9268389
3	3.6665974
3	3.050376
3	3.216722
3	1.8792773
3	3.8035874
3	3.81223
3	3.6544015
3	2.5761864
3	3.6012118
3	3.9129565
3	3.618983
3	3.519818
3	3.9800432
3	3.3515315
3	3.6405892
3	3.9543405
3	3.8577085
3	3.3453984
3	1.622953
3	3.157394
3	3.1530252
3	3.9484873
3	3.9028676
3	3.9999206
3	3.9759476
3	3.9696786
3	3.9771228
3	3.7025418
3	3.9366856
3	3.5819926
3	2.6478221
3	1.7715698
3	1.7329884
3	2.824136
3	3.9096124
3	3.7407174
3	3.6028705
3	3.9279966
3	3.0752354
3	3.477612
3	3.7594318
3	2.4030943
3	3.460546
3	3.8266919
3	3.5878735
3	3.6457644
3	3.3275077
3	3.748182
3	3.9555798
3	3.6246352
3	3.8591323
3	3.145523
3	3.9183702
3	3.7351122
3	3.9213176
3	3.6784096
3	3.9768448
3	3.8174386
3	3.8801007
3	2.2788072
3	2.8314276
3	3.85541
3	4.0478277
3	2.4570136
3	3.774215
3	3.6497676
3	3.1696618
3	2.9199924
3	3.6952636
3	2.8834658
3	1.5480838
3	4.043485
3	3.511229
3	3.880985
3	3.1526294
3	2.0433502
3	3.1707036
3	3.2180882
3	3.829398
3	2.195885
3	3.898289
3	3.8820057
3	2.242506
3	1.8617606
3	3.52049
3	3.3159397
3	3.6061075
3	3.5744734
3	3.791013
3	3.9286928
3	3.8382287
3	3.2436414
3	3.327415
3	3.6907742
3	3.8480387
3	3.589638
3	3.2210865
3	2.4564319
3	3.6535869
3	1.1527873
3	3.7815056
3	1.240957
3	3.8347254
3	2.8958802
3	3.6085806
3	3.9685812
3	1.3295451
3	2.1408467
3	2.9494789
3	2.1110468
3	3.9545014
3	4.0069027
3	3.8376343
3	3.5607982
3	3.892143
3	3.6514487
3	3.8667865
3	3.0100462
3	3.1844702
3	3.929556
3	3.7389247
3	3.8430312
3	3.9643116
3	3.9458928
3	3.163957
3	3.8320613
3	3.8750563
3	3.5328195
3	2.6914878
3	3.8595881
3	2.8294744
3	3.6768115
3	2.188717
3	3.3489833
3	3.2925954
3	2.6637297
3	3.7509837
3	3.6547804
3	1.9133086
3	1.1866535
3	3.314863
3	1.4874882
3	3.3569422
3	2.9641232
3	2.3455105
3	2.3474553
3	3.6956706
3	3.8817928
3	3.86112
3	3.3933005
3	3.499719
3	3.3366227
3	2.5331182
3	3.4700258
3	3.6793003
3	3.6332355
3	1.8680142
3	3.668819
3	3.5944133
3	3.678516
3	3.3733392
3	3.5336928
3	3.8761744
3	3.8654122
3	3.7820125
3	3.2087626
3	3.5704703
3	3.622136
3	3.6766443
3	3.7257657
3	3.7047954
3	3.6783042
3	3.2432046
3	3.4544232
3	3.3817496
3	2.2721267
3	3.8812356
3	3.4435244
3	3.206472
3	1.8922726
3	1.1827023
3	2.938087
3	3.94092
3	3.9666495
3	2.8908744
3	2.433553
3	3.4516988
3	3.9596314
3	3.981511
3	2.768746
3	3.906608
3	3.018249
3	2.9671488
3	4.009342
3	3.935235
3	3.037744
3	3.868517
3	2.4498348
3	3.6418257
3	3.4619136
3	3.705114
3	3.6942973
3	3.7410102
3	2.4701567
3	3.8397565
3	3.8423395
3	2.6673517
3	2.5315135
3	1.7880305
3	3.2158632
3	2.5482764
3	2.8005838
3	3.1359515
3	3.6041808
3	3.3521678
3	3.9762845
3	2.4003057
3	3.6806688
3	3.9541838
3	3.1596975
3	3.4843402
3	3.356546
3	2.1685789
3	3.9715157
3	3.9161854
3	3.9532716
3	3.8630605
3	3.804266
3	3.4779391
3	3.9622679
3	3.969749
3	3.8160884
3	3.9584825
3	3.5715225
3	3.9697022
3	3.2294495
3	3.7767396
3	3.8315468
3	3.8322806
3	3.8704531
3	3.309679
3	3.2891326
3	3.7125816
3	3.788093
3	3.8519435
3	4.035476
3	2.339751
3	2.357544
3	2.185452
3	1.9879442
3	3.6682415
3	3.0519352
3	3.2218785
3	3.3548088
3	2.370776
3	3.7825434
3	1.8710374
3	3.7377768
3	3.7200432
3	2.7458365
3	3.9504814
3	3.8291779
3	3.8521807
3	3.6248717
3	3.7193642
3	3.897769
3	3.8188927
3	3.720685
3	3.8538752
3	3.9044375
3	3.9436512
3	3.7158833
3	3.3035917
3	4.03215
3	4.033367
3	3.6434064
3	3.898699
3	2.6429482
3	3.3644109
3	3.4758503
3	3.8895645
3	3.7400486
3	3.5693123
3	3.7676435
3	3.3351083
3	3.198183
3	3.813038
3	3.9786415
3	3.7038946
3	3.6738017
3	3.65765
3	3.981891
3	3.9700408
3	3.968618
3	3.5025063
3	1.6947552
3	3.5726004
3	3.041597
3	3.4675698
3	3.8510065
3	3.878633
3	3.8967497
3	3.5767727
3	3.4845011
3	3.5149417
3	3.9221783
3	2.058762
3	2.0798776
3	2.0344799
3	1.5384952
3	3.452719
3	3.631356
3	3.75441
3	3.742879
3	3.967214
3	3.899293
3	3.8657222
3	2.8179426
3	3.3743243
3	1.6291901
3	3.4984887
3	3.6404147
3	3.653093
3	3.837056
3	3.3151836
3	3.722526
3	3.4781876
3	3.7059093
3	3.7608724
3	3.7652347
3	2.655013
3	3.6523597
3	4.0197644
3	3.1570845
3	2.957335
3	3.7384396
3	4.0012794
3	3.9917078
3	3.9249146
3	3.9118836
3	4.009874
3	3.753201
3	2.3304212
3	3.3851924
3	3.50624
3	3.689328
3	1.3592125
3	3.1784527
3	2.7976687
3	2.688033
3	2.588256
3	2.1886587
3	3.7202892
3	3.6961367
3	3.6478956
3	3.8391764
3	3.7866328
3	2.3865163
3	3.9242735
3	2.8374872
3	3.4338045
3	2.496644
3	3.2080863
3	2.5780756
3	2.4473763
3	2.4977124
3	3.99471
3	3.6541667
3	3.869521
3	3.8641052
3	3.8903852
3	3.9147763
3	4.054354
3	4.0491166
3	2.997964
3	3.2478592
3	3.2214057
3	3.9133904
3	3.6972775
3	3.9250095
3	3.8799129
3	2.7184117
3	3.165158
3	2.8083785
3	2.5451639
3	2.5930777
3	3.5632718
3	2.8270526
3	3.5029864
3	2.39798
3	3.9079204
3	4.011941
3	3.6971521
3	3.3166704
3	3.6209698
4	3.1390748
4	3.767065
4	3.8525567
4	3.1844635
4	2.9767346
4	3.725625
4	3.6078613
4	3.6206007
4	3.6939945
4	3.3304935
4	2.9855576
4	3.631009
4	3.6834235
4	3.5003996
4	3.0797963
4	3.7595925
4	3.643118
4	3.4099016
4	3.6130872
4	3.331644
4	2.8669534
4	2.8955328
4	3.635581
4	2.3380187
4	3.8878436
4	2.8227835
4	3.6907372
4	3.4911633
4	1.7768654
4	3.955353
4	3.5377066
4	2.9712076
4	3.4125676
4	3.6937232
4	3.6988463
4	3.9338298
4	3.9483795
4	4.027204
4	3.4134045
4	2.6860375
4	2.6555712
4	3.7281153
4	2.3970208
4	2.7512455
4	3.0521119
4	3.4901087
4	2.6944754
4	3.0937185
4	3.7475681
4	3.632788
4	3.7576265
4	3.8850741
4	3.2851753
4	3.9259527
4	3.3980608
4	3.503605
4	3.582312
4	4.002682
4	3.626954
4	3.848522
4	4.0231943
4	3.580235
4	3.800392
4	3.7446358
4	1.8723279
4	2.7410793
4	3.4129372
4	3.8676703
4	3.830864
4	1.9498969
4	1.6378077
4	3.1270046
4	3.4983034
4	3.846076
4	3.235236
4	2.5428495
4	3.0308824
4	2.5076582
4	3.8571532
4	3.2470002
4	3.8996115
4	3.5061808
4	3.7164059
4	3.800703
4	1.7712115
4	1.031156
4	1.423464
4	1.3103114
4	3.6566057
4	1.1692553
4	2.9449773
4	3.8181686
4	3.7907758
4	3.807682
4	3.6097422
4	3.2232826
4	3.573195
4	3.4263005
4	3.9191813
4	2.203131
4	3.4425986
4	3.103386
4	2.7079296
4	3.4449735
4	3.923221
4	3.791789
4	3.6453419
4	3.4824376
4	1.620233
4	1.3158841
4	3.8256547
4	3.714241
4	3.8297892
4	3.3424447
4	3.5058856
4	3.4551466
4	3.9336505
4	3.337255
4	3.6734557
4	3.59823
4	1.4732008
4	1.5392274
4	1.5963185
4	1.5534006
4	3.9651916
4	4.0020275
4	4.009057
4	3.8626144
4	3.543404
4	3.5720205
4	2.7747564
4	3.6349828
4	3.8192048
4	2.2614
4	3.756905
4	2.7852929
4	3.4492707
4	3.328754
4	3.5644536
4	3.7274666
4	3.151003
4	3.4344406
4	1.3396251
4	1.0004187
4	3.9089208
4	3.533534
4	3.9609184
4	3.4324484
4	3.9679275
4	3.6677423
4	3.8190556
4	3.1059318
4	2.7865767
4	3.755447
4	3.6161528
4	3.5518947
4	1.185965
4	3.394991
4	3.102297
4	3.7580047
4	3.7162979
4	0.88718915
4	0.8892731
4	1.008615
4	3.4443946
4	3.7561986
4	2.5013132
4	2.6394656
4	3.4393547
4	3.9074287
4	3.6889727
4	3.6663766
4	3.8741384
4	3.2079294
4	3.6642263
4	3.273013
4	3.9259257
4	3.7317724
4	3.8054376
4	3.8026457
4	3.9685264
4	3.7485845
4	3.8635583
4	3.7972739
4	3.9406095
4	3.8682642
4	3.167767
4	3.319478
4	3.948782
4	3.8996105
4	1.476797
4	1.4903704
4	1.2916943
4	1.2866424
4	1.1973084
4	3.4961967
4	3.5187669
4	3.3149073
4	3.3298922
4	3.0915384
4	3.6970992
4	3.7206779
4	3.8654027
4	3.602501
4	1.478044
4	0.992521
4	3.5457044
4	3.4681191
4	3.5245402
4	3.7064548
4	3.582686
4	3.8407693
4	3.362086
4	3.9410355
4	3.8879724
4	3.746138
4	3.510841
4	3.2231967
4	3.4633324
4	3.778492
4	2.8148518
4	3.366755
4	3.4326372
4	3.492155
4	2.0666
4	1.7388048
4	2.003187
4	1.1840032
4	3.774557
4	3.748385
4	4.0013094
4	0.778607
4	0.81740814
4	0.8454954
4	3.8527765
4	3.341247
4	3.631336
4	2.7235029
4	3.4628499
4	3.598064
4	1.4991548
4	3.6763077
4	3.3074784
4	3.278115
4	2.586604
4	2.6833756
4	3.6410651
4	3.6530862
4	2.554452
4	3.1042361
4	3.8430119
4	3.13199
4	3.0692585
4	1.5690647
4	1.1404089
4	1.6405249
4	1.351724
4	3.8814406
4	3.9879332
4	3.8968592
4	3.7013705
4	3.7971492
4	3.804679
4	3.4245944
4	3.8455248
4	3.7442493
4	3.9349296
4	3.9667838
4	3.8538532
4	3.9765515
4	2.8948095
4	3.1915646
4	3.1645916
4	2.7036004
4	3.6641226
4	3.6519513
4	3.584681
4	3.7739606
4	1.6855012
4	1.2503777
4	1.2579991
4	1.301369
4	2.5999842
4	1.9781566
4	3.6390738
4	3.9835377
4	2.6751409
4	3.9208107
4	3.7693202
4	0.8821635
4	0.86253005
4	3.8395019
4	3.5387497
4	3.8875673
4	3.5696099
4	2.9723032
4	3.2275882
4	3.4429164
4	3.6592472
4	3.5808706
4	3.8630633
4	3.9732916
4	3.8075218
4	3.7575603
4	3.938105
4	3.4041543
4	3.9876215
4	3.6643548
4	3.6423438
4	3.6808019
4	1.005025
4	1.1966184
4	1.7389828
4	3.5302637
4	2.4089942
4	3.7246516
4	2.4095016
4	3.6149626
4	1.9390444
4	4.081837
4	3.7927964
4	0.89625746
4	0.8340155
4	3.3226237
4	3.8615558
4	3.9105992
4	3.683734
4	3.7405987
4	3.5425377
4	3.8577545
4	3.8905475
4	3.6777225
4	3.8546958
4	3.388282
4	3.8114219
4	3.0864635
4	3.94034
4	3.92198
4	3.5366256
4	3.7180834
4	4.020577
4	4.0046277
4	3.954134
4	3.910531
4	3.9373589
4	3.565815
4	3.8496733
4	3.9508014
4	3.7425323
4	1.167082
4	1.1740626
4	1.3008366
4	3.1157646
4	3.4100888
4	3.645596
4	3.170069
4	3.2707005
4	3.78452
4	4.1070175
4	3.787222
4	4.0141654
4	3.7079008
4	3.5761845
4	3.8431323
4	3.956245
4	3.9077618
4	3.9584236
4	1.357727
4	3.7554846
4	4.0251637
4	1.3448888
4	3.9688063
4	1.397842
4	3.1891131
4	1.8606148
4	4.0081053
4	3.9084897
4	3.866691
4	4.042093
4	3.8479161
4	2.9392924
4	3.7596285
4	3.4385223
4	3.6010294
4	1.6377198
4	1.84785
4	1.2065914
4	3.808433
4	4.030227
4	3.4173746
4	3.9327688
4	3.7694983
4	3.5209184
4	3.5500875
4	3.973311
4	1.8958005
4	2.8267188
4	2.210545
4	1.5486943
4	3.5597928
4	2.2327068
4	3.1959977
4	1.155451
4	1.1494887
4	3.695483
4	3.4130595
4	2.5138369
4	3.308315
4	2.1748266
4	3.4096775
4	2.9451008
4	3.1916437
4	3.4202704
4	3.0478745
4	3.682919
4	2.6558409
4	4.04018
4	3.8820722
4	3.5365987
4	2.2933607
4	2.1704233
4	1.902897
4	3.120584
4	2.6901362
4	2.8886611
4	3.7476435
4	3.3744678
4	3.3841681
4	1.1952199
4	1.4833952
4	3.6886597
4	3.924542
4	3.5369148
4	2.9351678
4	2.4174862
4	3.8852277
4	3.6418447
4	3.9534626
4	3.8525395
4	3.9168859
4	3.9896126
4	3.7408512
4	3.6993864
4	3.2987337
4	3.6667275
4	3.653521
4	3.2937078
4	3.9913774
4	0.98104143
4	3.836825
4	3.7014303
4	3.0364442
4	3.090711
4	3.1458354
4	3.8543456
4	3.7155845
4	1.6045264
4	1.0564063
4	1.0360646
4	3.8838387
4	1.6918044
4	1.6042596
4	0.91484505
4	3.6255083
4	1.075899
4	1.4827913
4	3.9843974
5	4.05638
5	3.7553492
5	3.506528
5	3.7018201
5	3.576936
5	2.8090987
5	3.6133952
5	3.8181753
5	3.8490992
5	3.8654094
5	3.7628353
5	3.6503727
5	3.6558607
5	3.6649337
5	3.8243256
5	3.7945597
5	3.5356188
5	3.0651774
5	2.714539
5	3.6362495
5	0.8586624
5	0.89582807
5	3.6701236
5	3.9230886
5	3.6769798
5	3.8855324
5	3.9317873
5	3.570038
5	3.8354373
5	3.7851288
5	3.800022
5	3.5934854
5	0.927921
5	0.82703936
5	3.768952
5	3.6265726
5	3.8243454
5	3.9302278
5	3.877389
5	1.040514
5	1.1763546
5	3.660442
5	3.6531808
5	2.3317647
5	1.1882964
5	0.9635542
5	0.95350975
5	3.5942743
5	3.4756517
5	3.7130418
5	3.6840515
5	4.0079913
5	3.7411551
5	1.4308953
5	3.7987823
5	3.9999228
5	0.8245391
5	0.8603707
5	3.9164023
5	3.9478943
5	2.3887892
5	3.3800385
5	3.4906642
5	1.8048356
5	2.608452
5	1.5668279
5	3.4881413
5	2.1360736
5	1.1659695
5	3.638207
5	2.694426
5	3.8465216
5	3.4481764
5	2.2321384
5	3.1547904
5	3.643902
5	3.5776696
5	0.9753234
5	1.1318421
5	0.95126146
5	3.5948625
5	3.8077621
5	3.8855753
5	3.5954442
5	3.9618602
5	3.9221606
5	3.9846292
5	3.979542
5	1.048119
5	1.2660161
5	3.2692366
5	2.2889414
5	3.5100904
5	2.6618783
5	1.476837
5	3.7458649
5	3.5636482
5	1.8945323
5	2.9156845
5	3.7647665
5	3.8802078
5	2.9966626
5	1.886856
5	2.9852161
5	3.0497699
5	3.130555
5	3.9944735
5	3.929885
5	1.86841
5	3.1318223
5	3.9073312
5	3.8120055
5	2.910913
5	3.701489
5	3.9057648
5	3.865903
5	2.7707372
5	3.7359605
5	1.6442343
5	2.331853
5	4.026546
5	2.9378777
5	2.7589319
5	3.8052025
5	3.8925352
5	3.8406897
5	3.8475292
5	3.5535088
5	3.9169312
5	3.7636497
5	3.6357815
5	3.7982
5	3.6201646
5	3.4873357
5	3.2760425
5	3.6877737
5	3.5475206
5	3.6514723
5	3.9111426
5	3.8506362
5	3.3275795
5	3.8267403
5	3.9540336
5	3.908173
5	1.0201674
5	1.202251
5	1.047265
5	3.628885
5	3.925541
5	4.026961
5	3.1018782
5	3.8265555
5	3.4114234
5	3.7253785
5	3.8355596
5	3.4799583
5	2.8883734
5	2.9623084
5	3.5011394
5	3.220704
5	3.7349877
5	4.0257096
5	3.9484954
5	3.320549
5	4.0341787
5	3.3791037
5	3.7658489
5	3.826458
5	3.1638823
5	3.8209195
5	3.664921
5	4.0079007
5	3.7353187
5	3.9021893
5	3.61201
5	3.7725701
5	3.7739782
5	1.4263105
5	3.2373161
5	1.3544768
5	3.66847
5	3.8605533
5	3.5149517
5	3.629878
5	2.9687903
5	3.4372182
5	3.8088212
5	3.4596753
5	3.6397073
5	3.9614227
5	3.6486177
5	3.3551965
5	3.8324132
5	3.94596
5	3.521793
5	2.6617792
5	3.546543
5	3.8885381
5	3.9387228
5	0.70274204
5	0.8936017
5	0.8017951
5	0.8285336
5	3.6430473
5	3.6956136
5	3.8515284
5	2.7820148
5	3.8568192
5	1.085505
5	3.8500676
5	3.620793
5	3.523177
5	3.6631455
5	4.023018
5	3.3432567
5	3.8856804
5	3.7843568
5	3.5221314
5	1.8268052
5	3.0770988
5	3.9224124
5	3.7789536
5	1.0118629
5	0.88927925
5	3.524752
5	3.868946
5	3.8342986
5	3.429268
5	3.9424353
5	3.2368274
5	3.8244374
5	3.8326116
5	2.8502288
5	3.8708224
5	1.2602719
5	3.4392939
5	3.503227
5	3.5396304
5	3.4709802
5	3.550578
5	3.586028
5	3.5799098
5	2.9745936
5	3.619817
5	3.5772893
5	3.8879838
5	3.5248609
5	2.4217238
5	3.3961987
5	3.495935
5	3.85989
5	3.6538405
5	1.1670092
5	1.142713
5	1.2637604
5	1.5907828
5	3.2720947
5	3.683875
5	3.6717873
5	3.51713
5	3.6520638
5	3.017571
5	3.5325122
5	3.5854542
5	3.6463513
5	1.2578709
5	2.0182047
5	2.6609561
5	1.2450932
5	3.7611005
5	3.437027
5	3.329024
5	1.9949782
5	3.8497324
5	3.6190505
5	3.375393
5	3.8497276
5	3.7863483
5	3.2607553
5	3.3598824
5	3.6772258
5	2.6926928
5	1.4197593
5	2.8654916
5	3.6046
5	1.2114387
5	3.731592
5	3.4496038
5	3.838212
5	3.8343515
5	2.8400621
5	1.694044
5	2.738216
5	3.1273055
5	3.9605
5	3.689163
5	3.356772
5	3.7460265
5	3.939897
5	3.899291
5	3.828714
5	3.6799533
5	3.54738
5	3.2445319
5	1.2286696
5	2.7171612
5	3.838667
5	3.4524674
5	3.8691797
5	3.5369706
5	3.586563
5	1.8284651
5	3.897571
5	3.9620528
5	3.9324296
5	3.9023502
5	3.9544694
5	3.8470469
5	3.7949784
5	3.8009303
5	3.9163172
5	3.9252126
5	3.5558257
5	3.4991353
5	3.0759187
5	1.6827998
5	3.810113
5	3.1849475
5	3.9228132
5	3.4542084
5	3.4794626
5	3.693202
5	3.5323477
5	3.4790874
5	3.6497347
5	3.4768662
5	3.2344365
5	3.9621444
5	3.828629
5	3.8348405
5	4.037973
5	2.9363837
5	2.7549036
5	3.784584
5	3.8730474
5	3.9522367
5	3.8442318
5	3.46349
5	3.588652
5	3.8565733
5	3.6998532
5	3.4709024
5	2.4791281
5	3.5646944
5	3.4563105
5	3.2272267
5	1.0866748
5	1.2006146
5	3.487707
5	3.2353883
5	3.4125848
5	1.030464
5	0.86170465
5	0.9503136
5	3.9110885
5	3.5489335
5	3.0600305
5	3.2977676
5	4.03264
5	3.3334322
5	2.10595
5	1.3985151
5	1.5498625
5	2.2454119
5	3.7171686
5	3.9882483
5	3.7151423
5	2.9297776
5	3.6801872
5	2.4953547
5	3.5463643
5	3.6030354
5	2.4119682
5	1.389165
5	2.8981595
5	4.0225587
5	3.3869195
5	3.6906514
5	1.7802845
5	2.4335275
5	3.830961
5	3.799563
5	3.846107
5	3.7609425
5	3.7484326
5	4.044486
5	2.5007734
5	1.6744541
5	2.902635
5	3.8753674
5	3.8502805
5	3.8062348
5	4.0016894
5	3.9870982
5	3.9454718
5	3.7830544
5	3.951113
5	3.4276516
5	3.6070914
5	3.867944
5	3.8531792
5	3.6306372
5	3.191485
5	3.7782931
5	3.6221442
5	3.2247832
5	3.1595154
5	3.9687562
5	3.9484859
5	3.6917095
5	1.6283501
5	2.0283513
5	2.2513037
5	3.9319627
5	3.8737278
5	4.0873647
5	3.8036752
5	3.795395
5	3.5791898
5	3.8951087
5	2.645873
5	3.6115034
5	3.9333725
5	0.8807227
5	3.640461
5	3.491959
5	1.5216256
5	1.527563
5	3.8446565
5	3.9106243
5	3.7756846
5	3.9519367
5	3.9790835
5	3.9357915
5	3.69915
5	3.698176
5	3.749268
5	3.890481
5	3.5148125
5	3.8850245
5	3.300791
5	3.922359
5	2.8815439
5	3.5265374
5	3.5703912
5	3.7517183
5	3.056452
5	3.9387665
5	2.1066942
5	1.3505517
5	1.6379527
5	4.077208
5	4.059148
5	3.8433275
5	3.2975895
5	2.746586
5	3.711687
5	3.8502955
5	3.6022139
5	3.9031286
5	3.8258178
5	3.9136126
5	3.358232
5	3.1146653
6	3.0913491
6	3.9055462
6	3.4746654
6	2.4948816
6	1.8423076
6	2.2953186
6	1.869807
6	2.2929945
6	1.9280945
6	3.41035
6	3.5599546
6	3.4146295
6	3.6147177
6	3.7053857
6	3.5150826
6	3.8993032
6	3.7189584
6	3.8267503
6	3.6302543
6	3.103169
6	3.9415221
6	4.0487
6	3.9788074
6	3.7534406
6	1.9479471
6	2.4832687
6	2.666907
6	3.766107
6	3.7676005
6	3.873723
6	2.6780744
6	3.1235878
6	3.6769857
6	3.9799519
6	3.9298344
6	3.5355344
6	1.6535398
6	3.1563275
6	1.668764
6	2.5969718
6	4.019269
6	3.8695836
6	3.3560565
6	3.9514675
6	4.0614753
6	3.8654475
6	3.6988072
6	3.9729464
6	3.8540134
6	3.950533
6	3.734787
6	3.851307
6	3.4138837
6	3.4469957
6	3.554614
6	3.2196937
6	3.6614513
6	3.5012498
6	3.8622258
6	3.851272
6	3.8267822
6	3.6589298
6	3.8078115
6	3.85072
6	3.9789124
6	3.5595734
6	4.0248895
6	3.7940626
6	2.03588
6	2.3568046
6	1.6919819
6	1.7832315
6	2.3184972
6	3.2771626
6	1.7242109
6	2.731895
6	2.4161773
6	1.8562182
6	2.6788182
6	3.9846776
6	2.6631534
6	2.2000666
6	3.3073125
6	3.7808883
6	3.9181104
6	3.577291
6	2.1274161
6	3.4615562
6	2.863565
6	3.8093648
6	2.3450108
6	2.6000946
6	3.9440856
6	1.9637514
6	3.9121718
6	3.9582334
6	2.0556717
6	3.3156364
6	3.3011875
6	3.067587
6	3.5766375
6	4.0036697
6	3.828093
6	3.775546
6	2.2133007
6	3.1335676
6	3.0623937
6	3.753582
6	3.0884
6	3.375052
6	3.787426
6	3.5691144
6	3.7436104
6	2.4950519
6	2.6675
6	3.7767377
6	3.7229755
6	3.7836244
6	3.72831
6	3.5971549
6	3.8423796
6	3.8859622
6	3.998535
6	3.5305266
6	2.610578
6	3.8080301
6	4.051352
6	3.597568
6	4.0026793
6	3.9742675
6	3.1100965
6	3.3171046
6	1.9923853
6	3.2311165
6	3.738144
6	3.905542
6	3.8953657
6	3.7245991
6	3.6250076
6	3.3551526
6	3.8179922
6	3.8109434
6	3.2405128
6	3.6631603
6	2.8478122
6	3.4825633
6	2.0646944
6	2.5620012
6	2.7700262
6	2.9475598
6	3.4331527
6	3.1575277
6	3.9303846
6	3.9787703
6	3.8981822
6	2.5479884
6	2.3298588
6	2.5778346
6	3.8479815
6	3.075924
6	2.4623256
6	3.4651625
6	3.9529638
6	3.4904509
6	3.7424545
6	3.4022443
6	2.6971636
6	3.7383213
6	3.9106812
6	3.750274
6	3.934209
6	2.976988
6	3.0670831
6	3.5160663
6	2.7004902
6	3.570427
6	3.8141966
6	2.260898
6	2.392231
6	3.9497788
6	3.9276133
6	3.4973125
6	1.1623961
6	1.3936632
6	3.950718
6	3.187049
6	3.3751764
6	3.3622005
6	3.192801
6	3.629511
6	3.874772
6	1.8012029
6	2.3511558
6	2.8071036
6	2.0595841
6	3.9789262
6	3.7755704
6	3.9856372
6	2.809144
6	3.3199015
6	3.4618695
6	4.0346394
6	3.4368033
6	2.376775
6	3.130028
6	2.409867
6	2.589243
6	3.9274783
6	3.4285254
6	4.0462327
6	3.9157407
6	3.0420556
6	2.9520671
6	2.9996638
6	4.052259
6	1.8593552
6	3.7672987
6	3.6613789
6	3.0763173
6	4.0147467
6	3.9743652
6	3.7716088
6	4.0309606
6	2.8754733
6	3.3387165
6	3.4325085
6	3.6515017
6	3.327224
6	3.4442742
6	3.0495675
6	3.1702704
6	3.5290267
6	3.9376626
6	3.6832728
6	3.621057
6	3.3221822
6	3.700008
6	3.9722931
6	3.922542
6	1.9614321
6	1.9654285
6	2.26838
6	2.4345138
6	3.9208612
6	3.1828628
6	3.9016757
6	3.407073
6	3.0792794
6	3.6733425
6	3.60086
6	3.9395661
6	3.220824
6	3.718083
6	3.7297978
6	3.4278965
6	3.8575249
6	2.719267
6	2.4839869
6	3.2428803
6	3.0017076
6	3.2453227
6	3.6714573
6	3.9421482
6	2.7947295
6	2.6802425
6	3.1694803
6	3.4030986
6	3.7718246
6	3.8943777
6	3.6828485
6	3.4244637
6	3.3614786
6	3.1155481
6	3.725328
6	3.663073
6	2.5941324
6	2.9134438
6	3.5114121
6	2.9741006
6	3.5371714
6	3.21492
6	3.133481
6	3.4922314
6	3.830089
6	3.5451217
6	3.7671041
6	3.8107405
6	3.6170294
6	3.6643505
6	3.9756517
6	3.8990135
6	3.653467
6	2.915373
6	3.5794668
6	3.666
6	3.6897173
6	4.0674505
6	3.6729388
6	3.8225071
6	3.6410108
6	3.4386063
6	3.7784123
6	3.7610655
6	3.8560398
6	3.6442366
6	3.7839937
6	2.8563676
6	2.674014
6	2.8446465
6	3.7780604
6	3.6419492
6	4.0576215
6	3.3982618
6	3.8919935
6	3.8889108
6	3.7764122
6	3.4852548
6	2.72017
6	2.3375192
6	3.6938305
6	3.6372056
6	4.0408006
6	3.8558712
6	1.8094004
6	1.8620843
6	1.9220811
6	3.7158294
6	2.2902908
6	1.9207863
6	3.9564753
6	3.8509169
6	3.9294026
6	3.4932191
6	3.8152485
6	3.735046
6	2.7053099
6	3.3667324
6	3.576615
6	3.172605
6	3.578267
6	3.3031502
6	3.1527991
6	3.1157637
6	3.9822638
6	3.8967316
6	3.5501776
6	3.3023357
6	3.5940604
6	3.829332
6	3.9867036
6	3.4070587
6	3.4327817
6	3.7781324
6	3.5231595
6	3.5336895
6	3.9818068
6	3.8181863
6	2.8686762
6	4.0146694
6	3.9572496
6	3.8638258
6	4.0535164
6	3.3605952
6	3.3310454
6	3.9103813
6	2.0944183
6	3.7947247
6	3.8841383
6	3.8280392
6	4.0562673
6	3.506269
6	4.023072
6	3.8443947
6	3.956744
6	3.841264
6	3.7702327
6	3.7319643
6	3.733077
6	3.6164794
6	2.898246
6	2.567264
6	2.336731
6	3.7340553
6	3.8413544
6	4.0047455
6	3.8035321
6	1.8416471
6	1.6463842
6	2.3245983
6	3.7056112
6	3.2806606
6	2.723962
6	3.4116526
6	3.1081672
6	3.5355484
6	3.0420606
6	3.587303
6	2.9860835
6	3.1572235
6	2.4830797
6	3.7891865
6	3.9518194
6	3.458384
6	2.9056277
6	3.7614498
6	2.7470899
6	3.5462296
6	3.9056835
6	3.9239686
6	1.3796932
6	1.2120911
6	1.2705971
6	1.7542728
6	3.6294694
6	2.281285
6	4.046169
6	2.7056608
6	2.1165075
6	0.6680874
6	3.6697304
6	3.7024825
6	3.5826888
6	3.0864835
6	3.3814192
6	4.0217147
6	3.4041169
6	3.873161
6	3.5865364
6	3.7834477
6	3.6671772
6	3.7298737
6	3.6785083
6	3.5066557
6	3.2106552
6	3.836785
6	3.8976052
6	3.8565407
6	2.429798
6	2.6837764
6	3.6821132
6	3.6405983
6	4.0830464
6	3.2915313
6	3.2068899
6	3.6934254
6	3.8158565
6	3.90236
6	3.877709
6	3.8139067
6	3.832633
6	3.201058
6	3.411051
6	2.8477812
6	3.7355824
6	3.2950234
6	3.3815215
6	2.3594894
6	3.8619337
6	3.9327707
6	3.6911917
6	1.9387738
6	2.4965105
6	3.9938767
6	3.739095
6	3.5387619
6	3.5791585
6	3.5464373
6	2.3363388
6	2.5497541
6	2.9505198
6	4.01885
6	3.639162
6	3.9825697
6	3.284568
6	3.5078015
6	3.9914663
6	3.928896
6	1.6462632
6	3.6323574
6	2.9329953
6	3.7725587
6	3.6602902
6	3.8409543
6	3.4068794
6	3.3866363
6	3.2331724
6	3.6939232
6	3.5661657
6	2.7480469
6	3.3113945
6	3.3040183
6	3.751154
6	3.8919616
7	1.8397388
7	3.7295368
7	3.5270052
7	3.4994452
7	3.4106283
7	3.9225602
7	3.954152
7	1.8307838
7	2.071735
7	3.9287653
7	3.1466508
7	3.415049
7	3.2908149
7	3.4527779
7	3.3461509
7	3.7527099
7	3.5857391
7	3.9875715
7	4.0287814
7	3.3848348
7	3.8748202
7	3.8730617
7	3.648783
7	3.9119124
7	4.0310965
7	3.5477355
7	3.2332363
7	4.071222
7	4.009591
7	3.720557
7	2.9073606
7	1.8695858
7	3.1772442
7	3.7602563
7	3.9435244
7	2.8697608
7	2.9434838
7	2.5156944
7	2.8202329
7	3.9549131
7	3.772465
7	3.6562488
7	3.1364107
7	3.731206
7	3.5829859
7	4.095266
7	3.912201
7	3.4257605
7	3.7735944
7	3.8910162
7	3.898903
7	3.5128357
7	3.8787546
7	3.5869071
7	2.9038386
7	3.4566493
7	3.539969
7	3.9549668
7	3.8527012
7	3.4695935
7	2.754909
7	3.9730377
7	3.834387
7	3.9653473
7	3.8015585
7	3.9238868
7	3.8470721
7	3.638165
7	3.3691142
7	3.6198323
7	3.6568694
7	4.0206985
7	3.9330516
7	3.8786762
7	3.766375
7	3.7629514
7	3.725802
7	3.4903116
7	3.2922974
7	3.5330935
7	3.9643974
7	3.993129
7	3.816106
7	3.7271128
7	3.5016477
7	4.036533
7	3.8829494
7	3.573018
7	3.2298517
7	3.4834492
7	3.6329622
7	3.6236029
7	3.4546804
7	4.0628037
7	3.9826071
7	3.2425127
7	3.6038814
7	3.5501852
7	2.5949187
7	2.1487274
7	1.9699899
7	2.303143
7	3.1328688
7	2.8307343
7	3.6765304
7	2.077564
7	1.6143523
7	1.7708491
7	1.5275666
7	1.634995
7	3.754634
7	3.7151968
7	3.914316
7	2.5965033
7	3.0131977
7	3.3437626
7	2.4226313
7	3.9488187
7	3.6926508
7	3.8948
7	2.585142
7	3.940268
7	3.9444385
7	3.9616513
7	3.2161903
7	3.9417136
7	3.5045013
7	3.4976068
7	2.4571033
7	2.498849
7	3.7940059
7	3.928824
7	2.740215
7	2.6977947
7	3.987106
7	3.8569953
7	3.089826
7	3.7069626
7	2.182868
7	3.3090248
7	2.634768
7	2.1342533
7	2.3484163
7	3.918534
7	4.0390215
7	4.067163
7	4.083414
7	4.137222
7	3.3101733
7	2.3882546
7	3.020186
7	3.618825
7	2.965229
7	3.7292356
7	3.6678634
7	3.4345942
7	3.924701
7	3.8408387
7	2.8816154
7	2.278097
7	3.1602783
7	3.855834
7	3.907102
7	3.566556
7	3.8764133
7	1.4041694
7	1.352747
7	3.9098806
7	3.7527976
7	3.8873904
7	3.3220077
7	2.9400086
7	3.1348426
7	3.925928
7	4.0081906
7	3.2827234
7	2.7402225
7	3.9717917
7	3.9425142
7	4.0283265
7	3.8977919
7	4.122399
7	3.7898774
7	3.8769488
7	4.0098906
7	3.444094
7	2.942967
7	2.8844028
7	1.8003962
7	2.666805
7	3.4050527
7	3.6756263
7	3.9083383
7	3.9879231
7	4.092585
7	2.1760046
7	2.2238572
7	2.117465
7	3.8974786
7	1.425201
7	1.7047766
7	1.4847659
7	3.387929
7	3.3479826
7	3.7815113
7	3.8915904
7	3.830962
7	3.40533
7	3.4521108
7	3.872841
7	3.6701965
7	3.798495
7	3.7503786
7	2.5782862
7	3.4353414
7	2.7868924
7	4.089618
7	1.7104272
7	3.9178584
7	3.9493928
7	3.46907
7	3.108666
7	3.0118322
7	3.8995764
7	3.9300752
7	3.835939
7	2.522797
7	3.2508216
7	2.2191029
7	3.5736122
7	3.9472592
7	3.7923198
7	3.8699012
7	4.003713
7	4.0294695
7	3.714386
7	3.6503768
7	3.8683796
7	3.497829
7	2.2457683
7	3.7592554
7	3.1420527
7	3.3816736
7	3.1319466
7	3.3434603
7	3.6918101
7	3.1142144
7	3.7673693
7	3.5455003
7	3.432402
7	3.4876795
7	3.8432922
7	3.654429
7	3.9958792
7	3.7252872
7	3.7711189
7	3.841137
7	2.8376904
7	3.9189725
7	2.9183562
7	3.7121592
7	3.6610894
7	3.845985
7	4.0003366
7	3.8632097
7	3.8246617
7	3.2861722
7	2.7105284
7	2.5335112
7	4.0092797
7	4.0502405
7	3.666491
7	4.0170465
7	3.86545
7	4.01691
7	3.6557677
7	2.0591393
7	2.5314362
7	2.5690174
7	2.5268931
7	3.4777324
7	3.6970408
7	3.4803672
7	3.8027914
7	3.7766366
7	4.0676093
7	4.015694
7	3.316991
7	3.7278051
7	3.700756
7	3.3036017
7	1.6789646
7	1.9246297
7	1.8098775
7	3.8922396
7	3.8918135
7	3.249146
7	3.024061
7	3.331814
7	3.99958
7	3.8475704
7	2.250878
7	2.2072985
7	2.6156392
7	3.9907198
7	3.136209
7	3.5040298
7	3.558567
7	3.393504
7	3.3576999
7	3.8007736
7	3.7546268
7	4.008229
7	3.374282
7	2.994924
7	2.1592662
7	2.0493236
7	3.4030237
7	3.7574854
7	2.4118073
7	2.3149157
7	3.9421039
7	3.6032994
7	1.9616741
7	1.0423187
7	2.6695657
7	2.4192371
7	3.8465006
7	3.556314
7	3.7065067
7	3.8156774
7	3.8402295
7	3.6050668
7	3.9935184
7	3.9092746
7	3.62978
7	3.766478
7	3.6591573
7	3.7251835
7	3.2910383
7	4.0843825
7	3.8694723
7	4.042621
7	3.5856
7	3.7811103
7	2.7436733
7	2.3376114
7	3.4717956
7	3.8350818
7	4.075766
7	1.6524249
7	1.7587732
7	1.7609233
7	4.0216355
7	3.4740827
7	3.492859
7	2.6113653
7	3.4214633
7	3.7700438
7	3.862806
7	3.9703948
7	3.173359
7	3.181974
7	3.8894176
7	3.5680084
7	3.6149197
7	3.3698206
7	3.260968
7	3.9432726
7	3.9089527
7	3.919087
7	3.7681608
7	3.4623919
7	2.1483002
7	3.9168148
7	3.695291
7	3.6495209
7	3.3871818
7	3.5759547
7	3.4833705
7	2.621929
7	2.5667892
7	3.9648066
7	3.8774323
7	3.5343935
7	3.644332
7	3.5918226
7	3.3715653
7	3.973134
7	3.9484558
7	3.6653242
7	3.5088515
7	3.7320561
7	3.8023868
7	3.6778927
7	3.6006413
7	3.626145
7	3.7951756
7	3.865864
7	3.7153335
7	4.037989
7	3.0804203
7	2.92942
7	3.8279214
7	1.9715118
7	2.7644463
7	3.7505937
7	2.402276
7	2.1448646
7	3.9369125
7	3.9508562
7	3.9930964
7	3.0606132
7	3.3867836
7	3.8902106
7	3.9131227
7	3.7262814
7	3.4586062
7	3.6035323
7	3.742083
7	3.8688202
7	3.994947
7	3.9646587
7	3.9504266
7	3.88414
7	4.167319
7	3.9249752
7	3.844994
7	2.8517103
7	2.4582596
7	2.1204643
7	3.7407274
7	3.9257662
7	3.6364899
7	3.430449
7	3.3853981
7	3.7435074
7	3.6067784
7	3.9485064
7	3.8874135
7	3.9560027
7	3.4174783
7	3.765192
7	3.915928
7	3.995153
7	3.9831872
7	3.1970572
7	3.4640245
7	3.6815825
7	3.323897
7	2.897041
7	3.4850187
7	3.261181
7	3.921149
7	3.6466458
7	3.6223454
7	3.5927448
7	3.2450542
7	3.7758458
7	3.4164214
7	3.860013
7	3.902372
7	3.8162887
7	3.7420912
7	3.3650289
7	3.8623314
7	3.9464946
7	3.8626437
7	4.003921
7	4.0330334
7	3.5324526
7	3.5435848
7	3.8640337
7	1.8217365
7	1.8321517
7	1.7363042
7	2.7181761
7	2.3075366
7	3.5700955
7	3.7898798
7	3.9317853
7	3.9573321
7	3.778517
7	3.6810174
7	3.8635726
7	3.2151814
7	3.7351518
7	3.7044387
7	2.9799845
7	4.0167375
7	3.4609826
7	1.8595732
7	3.1407404
7	3.9165528
7	3.8779445
7	2.9118056
7	3.2248178
7	3.9595659
7	3.8844156
7	3.8961885
7	3.1896176
7	3.7591643
7	3.486986
7	3.980543
8	3.9889517
8	3.738964
8	3.7253509
8	3.6976442
8	2.289659
8	1.7378584
8	0.94169575
8	4.0987835
8	3.8396883
8	3.7064402
8	3.9527934
8	3.719728
8	3.8083284
8	3.77217
8	3.962993
8	3.5600734
8	3.2792585
8	3.7214518
8	3.9110112
8	2.599444
8	2.5489726
8	2.6701465
8	1.9706167
8	3.5659494
8	3.1961193
8	3.1556985
8	3.9379873
8	3.8946545
8	3.3498259
8	3.3428829
8	3.5243568
8	3.5433154
8	3.8607066
8	2.8689466
8	2.5941875
8	2.7890363
8	3.9170694
8	3.7676592
8	3.9401522
8	3.824132
8	3.1787686
8	3.1201665
8	2.8400292
8	3.9978218
8	3.4641025
8	4.026809
8	3.285533
8	3.385243
8	3.457421
8	3.1855907
8	3.94032
8	3.1639137
8	3.8169703
8	4.021118
8	2.9661932
8	3.6609674
8	3.5738742
8	3.7698736
8	3.7733498
8	1.3924035
8	1.1554102
8	1.1850921
8	1.2321854
8	1.0440977
8	3.676879
8	1.8154407
8	1.8599051
8	4.0014844
8	3.603911
8	2.932578
8	3.616283
8	3.3292155
8	3.474782
8	2.3473668
8	2.7678766
8	2.3825166
8	3.888773
8	3.7163696
8	1.7258959
8	3.087412
8	3.1327858
8	2.4733953
8	3.3655677
8	2.8726826
8	3.0226989
8	3.7954044
8	1.7418169
8	2.4180744
8	3.3603952
8	1.9969728
8	3.8705006
8	3.790444
8	3.8344774
8	3.9316983
8	4.0170717
8	4.001124
8	2.9661674
8	3.492185
8	3.9623132
8	2.911131
8	2.5863683
8	3.6921196
8	2.9800963
8	2.734675
8	3.148065
8	3.2009275
8	3.7607195
8	3.8157794
8	2.9375153
8	3.597506
8	3.9912386
8	3.9776976
8	3.9181576
8	3.8374815
8	3.9906473
8	4.046659
8	4.0021725
8	4.04072
8	3.9672196
8	3.9490929
8	4.0002604
8	4.0073357
8	2.9345512
8	2.7920518
8	3.6809206
8	3.1625485
8	3.5282464
8	4.0591483
8	4.0739913
8	2.7070394
8	3.2014856
8	3.8616776
8	3.7745023
8	3.902093
8	4.0680313
8	3.8956301
8	3.6913679
8	3.487305
8	3.777729
8	3.8875117
8	3.998912
8	1.751028
8	1.6330653
8	3.7431889
8	3.8592672
8	2.5641325
8	1.9360541
8	1.9982076
8	3.6501255
8	3.785808
8	1.8506032
8	2.6632202
8	3.9037132
8	3.881712
8	3.8141627
8	2.9971166
8	4.0098224
8	3.2920136
8	3.630567
8	3.6311529
8	3.5854583
8	3.3638225
8	3.6290662
8	3.9528158
8	3.805223
8	3.9118407
8	2.9979374
8	3.026952
8	3.4064717
8	3.5725694
8	3.7397678
8	2.9241717
8	3.8996897
8	3.4238431
8	4.004019
8	3.785226
8	3.403111
8	3.6881979
8	4.0525813
8	2.7160656
8	3.084733
8	3.8371491
8	3.7662292
8	3.969108
8	3.7321134
8	3.796516
8	3.9180171
8	3.935769
8	3.9017038
8	3.918615
8	2.390253
8	3.8057208
8	3.919423
8	3.9919972
8	3.9161298
8	3.8257308
8	3.146162
8	2.5627484
8	2.7147942
8	3.918265
8	3.9495296
8	3.1410851
8	3.111158
8	3.2843673
8	3.6148338
8	3.986374
8	3.912211
8	4.0011735
8	3.7494621
8	3.933371
8	3.9002233
8	3.9233158
8	3.3411622
8	3.6684082
8	3.642074
8	3.6477475
8	3.9281456
8	3.8651466
8	3.7253065
8	3.3364675
8	2.6860878
8	3.315912
8	3.7675471
8	3.5467854
8	2.7272134
8	2.7445862
8	3.3644526
8	3.486763
8	2.979079
8	3.0440373
8	2.21789
8	3.733887
8	3.8753202
8	3.5424485
8	3.9008007
8	2.969554
8	3.7605495
8	4.0484004
8	3.789329
8	2.9969637
8	2.3931642
8	2.6891897
8	2.353725
8	2.982036
8	3.6636164
8	3.0243907
8	2.9742603
8	4.056456
8	3.347828
8	3.1248202
8	3.79139
8	3.8933682
8	3.5721455
8	3.0060234
8	2.3128958
8	3.515228
8	3.8048487
8	3.5034404
8	3.3523057
8	3.5613537
8	2.7655292
8	3.1164222
8	2.8317437
8	3.929771
8	2.5541124
8	3.5652928
8	3.2250323
8	3.9846969
8	3.8267932
8	3.224349
8	1.6592065
8	3.6984754
8	3.6974182
8	3.9570746
8	3.4469378
8	3.512506
8	4.0130887
8	3.916481
8	3.5882301
8	2.283563
8	2.1867537
8	2.5399156
8	3.984305
8	3.8287091
8	3.761116
8	3.9141397
8	3.8222303
8	3.8478265
8	4.023038
8	3.8835657
8	3.3016555
8	3.1462986
8	3.7887993
8	3.1265845
8	3.0575085
8	3.5990934
8	3.9718502
8	3.171917
8	3.7873163
8	3.5356364
8	3.3252707
8	2.4268973
8	2.5967326
8	3.9768403
8	2.0397065
8	3.5178595
8	3.5883365
8	4.006219
8	3.889216
8	3.2953823
8	4.0215917
8	3.9636192
8	3.4101644
8	2.875799
8	2.9319067
8	3.4566967
8	3.2904422
8	3.9532464
8	3.8903527
8	2.9175012
8	3.79889
8	4.0259256
8	3.5397396
8	3.9424818
8	3.4872994
8	4.001673
8	3.472677
8	3.8577697
8	3.587048
8	3.894265
8	3.7186937
8	3.9056997
8	3.4616175
8	3.9689474
8	3.7685313
8	3.1165257
8	4.011717
8	3.9152136
8	3.9772768
8	3.2850842
8	3.2642066
8	4.146459
8	1.5542809
8	3.9577355
8	3.953857
8	3.298046
8	2.7784858
8	3.226177
8	3.86477
8	3.7600608
8	3.8040588
8	3.8174872
8	4.120959
8	3.9183574
8	2.4131565
8	2.6772392
8	2.907287
8	3.9385638
8	4.0127096
8	2.8645482
8	2.0717802
8	2.8514996
8	2.933067
8	3.6113393
8	3.323788
8	3.7329931
8	3.7371585
8	1.9481984
8	1.7397436
8	3.7044892
8	3.9000168
8	3.7628355
8	4.037644
8	3.8101964
8	3.819043
8	4.009304
8	3.7768126
8	3.8447132
8	3.9564075
8	3.6312244
8	1.7782668
8	2.372582
8	3.2444892
8	4.008142
8	3.929146
8	3.03116
8	2.8190336
8	3.0464706
8	3.952906
8	3.2395082
8	3.864614
8	2.926249
8	3.805451
8	2.841678
8	3.3284101
8	3.8630023
8	3.9011028
8	3.5632234
8	4.039629
8	4.085749
8	4.124525
8	3.729167
8	3.1440957
8	3.6240802
8	3.926297
8	3.2956736
8	2.653655
8	3.8249772
8	3.356697
8	3.9762864
8	2.2250466
8	2.906259
8	4.024771
8	3.46446
8	3.354374
8	4.0062623
8	3.8213701
8	3.9119182
8	4.0635047
8	3.9412718
8	3.8181949
8	3.9897382
8	3.859651
8	3.5889254
8	3.7853775
8	3.9233177
8	3.913878
8	3.2712753
8	3.5297105
8	2.903704
8	3.254741
8	3.9987106
8	3.7949243
8	3.456674
8	3.5080404
8	3.9637494
8	3.949586
8	3.9317002
8	3.926089
8	4.0115485
8	3.596994
8	3.5995178
8	3.5335803
8	3.6269665
8	3.6781898
8	3.585022
8	3.7108521
8	3.8674078
8	2.9733443
8	2.7729006
8	2.551114
8	3.9755604
8	2.4966843
8	2.8835945
8	3.2319698
8	2.5235023
8	2.4412458
8	3.7003856
8	3.6010146
8	3.7841046
8	2.224678
8	2.0097454
8	2.473205
8	2.1073537
8	3.803192
8	3.721889
8	3.7912946
8	2.9561126
8	1.9883195
8	2.42552
8	3.9150105
8	3.737504
8	3.619616
8	3.3712797
8	3.3824832
8	3.6310022
8	2.6584694
8	3.3699691
8	2.9347365
8	3.7793403
8	3.9692621
8	3.1890461
8	3.1704984
8	3.8836184
8	3.7767158
8	3.779169
8	3.7155893
8	3.6634157
8	3.72276
8	3.1103098
8	3.5163512
8	3.6108117
8	2.0723817
8	2.3878112
8	3.9413567
8	3.852212
8	3.8370986
8	3.7595122
8	3.9747844
8	3.7011657
8	3.758912
8	3.4880683
8	3.7676997
8	3.5499678
8	3.76201
8	4.014936
8	3.7833896
8	4.003819
8	3.7227411
8	4.052112
8	4.096206
8	3.4505923
8	3.8633375
8	3.8992283
8	3.826473
8	4.088219
9	2.4660904
9	3.0274043
9	3.7593057
9	3.887459
9	3.7501144
9	3.1629457
9	3.9546423
9	3.561747
9	3.6339695
9	3.5940373
9	2.8606477
9	2.909326
9	4.0743413
9	3.396147
9	3.9098337
9	2.448472
9	2.2728212
9	4.0947986
9	3.9863696
9	3.9607925
9	3.963664
9	3.7674112
9	3.7551916
9	3.8403182
9	3.7831116
9	2.9580393
9	3.212964
9	3.8322754
9	3.8748965
9	3.8611388
9	3.9895916
9	3.9994266
9	3.9487748
9	3.6589124
9	2.638833
9	3.4515922
9	3.2663288
9	3.872376
9	3.6683717
9	3.9372404
9	3.673438
9	3.5961473
9	3.364143
9	3.775819
9	3.7667174
9	2.402698
9	3.8071313
9	3.8563128
9	2.6741264
9	2.8132458
9	3.7479115
9	3.5752277
9	3.7515516
9	3.223465
9	3.2072916
9	2.8073862
9	3.4524686
9	3.9824529
9	3.9535918
9	3.6657019
9	3.7112012
9	1.9219416
9	3.9732442
9	3.7092018
9	3.896578
9	3.5201654
9	3.360353
9	3.5545363
9	3.936293
9	3.6298738
9	1.576038
9	1.3556894
9	4.035235
9	3.8997254
9	3.480197
9	3.5773475
9	3.719537
9	3.0641985
9	3.85165
9	3.5774207
9	3.8221061
9	3.832027
9	3.7698708
9	3.127212
9	3.7583077
9	3.9771085
9	2.7186413
9	2.625545
9	2.453578
9	3.9767632
9	3.3808496
9	3.596564
9	2.9366684
9	2.4207168
9	2.687283
9	3.8595824
9	4.0078945
9	3.832296
9	3.7683501
9	3.9266748
9	3.6366591
9	4.04691
9	4.0036407
9	3.4606965
9	2.2396274
9	3.89423
9	3.599892
9	3.9683502
9	3.9045105
9	1.8703731
9	2.3215723
9	1.8792859
9	2.0443347
9	3.8965955
9	3.8727093
9	3.9039412
9	3.6407087
9	3.9940724
9	2.8643613
9	3.239804
9	3.2119122
9	3.0538104
9	3.8174691
9	1.5755807
9	1.6411909
9	2.4837167
9	3.7266731
9	3.7066698
9	3.8172936
9	3.0205083
9	2.4467273
9	2.8628721
9	3.7590635
9	3.8804154
9	3.1445174
9	3.9944506
9	3.1984372
9	3.391467
9	4.0278807
9	3.9321997
9	3.5606117
9	3.9012923
9	3.6297882
9	3.9651048
9	3.8821344
9	3.4909143
9	3.7242079
9	3.509274
9	3.6285787
9	3.020752
9	3.0906613
9	3.9980996
9	3.7777386
9	3.9733605
9	3.322288
9	3.8334293
9	3.3107898
9	3.3792338
9	2.9365854
9	3.8297596
9	2.8414013
9	3.5011215
9	3.814356
9	3.7192435
9	2.4378839
9	2.5352426
9	3.708743
9	3.8985925
9	3.7755518
9	4.008265
9	3.907094
9	3.9078832
9	3.7870078
9	3.7241566
9	3.8351195
9	3.7078452
9	3.9672747
9	3.4534318
9	3.1856995
9	3.0465803
9	3.9595156
9	3.9622803
9	3.9943376
9	3.8580217
9	3.9121885
9	3.7908618
9	3.7603507
9	3.9515014
9	2.113365
9	3.8821058
9	2.3885183
9	2.2776074
9	2.467356
9	2.5562952
9	3.6517916
9	1.0929273
9	2.1532664
9	3.8214655
9	3.8138537
9	3.145422
9	3.5350463
9	4.0919204
9	3.8202658
9	4.0541797
9	2.307312
9	3.9902334
9	3.0167546
9	4.0519667
9	3.9518356
9	3.9885798
9	4.0800066
9	4.0024986
9	4.0925994
9	3.3773623
9	3.553003
9	3.6252885
9	3.4730043
9	3.9651875
9	4.03984
9	3.7387133
9	3.350905
9	2.2443447
9	2.4420478
9	4.00728
9	3.7639213
9	4.051993
9	3.8361259
9	3.6248617
9	3.2416503
9	2.3817697
9	2.9382951
9	4.104928
9	3.9716134
9	3.255958
9	3.0951302
9	3.7506278
9	3.8349938
9	2.8040595
9	3.9008522
9	2.3828526
9	3.7023146
9	3.2344074
9	3.5971227
9	3.9160132
9	2.2481902
9	4.028016
9	3.8289297
9	3.9794297
9	2.964764
9	2.8444395
9	3.5156708
9	3.2420537
9	3.4009488
9	3.5845459
9	3.6970973
9	3.5788944
9	3.947898
9	3.9361835
9	3.22127
9	3.2080092
9	3.2553654
9	3.3604598
9	3.5587163
9	3.4670796
9	2.4308078
9	3.158886
9	3.302851
9	3.7538772
9	3.5798466
9	3.8001041
9	3.5939562
9	3.6137996
9	3.568184
9	3.4377346
9	3.7109156
9	3.3507829
9	2.6747885
9	4.020649
9	4.041653
9	3.8931074
9	3.6407888
9	3.8063033
9	1.8702631
9	3.7213092
9	3.4723551
9	3.9062204
9	3.916412
9	3.9536343
9	3.9136562
9	2.7270536
9	3.2423253
9	3.8430207
9	3.8604255
9	3.9683561
9	3.9659843
9	2.8681083
9	3.1259506
9	4.0075436
9	3.3927836
9	2.8614075
9	2.4890604
9	3.8337867
9	3.9045086
9	3.9546175
9	3.9471297
9	3.9581835
9	3.7206392
9	3.8405206
9	3.7614522
9	3.8176541
9	3.9499853
9	3.9934578
9	3.9741278
9	3.9604402
9	3.937039
9	3.8923583
9	3.9334517
9	3.7379527
9	3.4667172
9	3.8081422
9	3.0896358
9	3.9288714
9	4.0243073
9	3.9167209
9	3.3292599
9	3.4985285
9	3.8415833
9	3.851035
9	3.345066
9	4.0189643
9	3.4526997
9	3.881563
9	2.4282107
9	2.6201386
9	3.9801834
9	4.030816
9	3.6025238
9	3.6729438
9	2.9978244
9	3.6128564
9	3.8567204
9	3.5088348
9	2.7282124
9	3.703297
9	3.858333
9	3.8716252
9	3.8782206
9	3.8694248
9	4.128658
9	2.327098
9	3.8921905
9	4.0090246
9	3.5539389
9	3.5668757
9	4.026695
9	3.595018
9	3.9741242
9	3.9967074
9	3.939002
9	3.7520466
9	3.9273815
9	3.4619799
9	3.676092
9	3.9117146
9	3.9229903
9	3.9135728
9	3.6225195
9	3.9158783
9	3.8287628
9	3.3724782
9	0.79875076
9	3.661169
9	1.2452263
9	2.3005226
9	3.1698604
9	2.3911774
9	3.3920877
9	3.87895
9	2.4266393
9	1.4410907
9	1.4679652
9	2.773479
9	1.2829918
9	2.606123
9	1.7900382
9	1.4896477
9	1.6358696
9	1.6854806
9	2.3273354
9	3.9949384
9	3.4165058
9	3.3728757
9	2.9134607
9	0.8655775
9	2.8238568
9	1.2210633
9	0.97062147
9	2.0816524
9	3.1093538
9	3.7029724
9	1.054451
9	0.9084498
9	1.9684305
9	1.595193
9	3.8476567
9	1.1965368
9	1.527752
9	1.7960223
9	3.717462
9	1.256537
9	2.7465653
9	1.808422
9	1.0989289
9	1.0594021
9	2.7653913
9	0.94934
9	2.1034427
9	2.1570382
9	1.8316234
9	1.2036834
9	3.9723537
9	3.3407104
9	1.174924
9	2.7002244
9	3.598446
9	2.4390473
9	2.6730123
9	1.6967839
9	1.0612265
9	1.0719332
9	2.004246
9	1.012908
9	1.0845436
9	4.021384
9	1.7242506
9	2.6826625
9	1.9692103
9	3.942053
9	1.1786382
9	1.7198055
9	3.5036116
9	1.3191168
9	3.0577016
9	2.12832
9	3.0530603
9	1.344919
9	1.1417897
9	2.8881402
9	1.2833272
9	1.6252428
9	2.3971107
9	3.067978
9	1.3289772
9	0.8224655
9	2.66649
9	3.7115889
9	3.0156791
9	1.2466087
9	1.4348456
9	1.5930227
9	2.3559995
9	1.3581101
9	1.6124972
9	1.633926
9	0.919146
9	3.4156804
9	0.9722872
9	1.3482352
9	1.2305269
9	1.0729736
9	0.97477525
9	3.8836706
9	3.492311
9	1.0429688
9	2.6338956
9	0.9683157
9	1.634144
9	0.9605843
9	3.2345424
9	1.904224
9	2.6096025
9	3.4350276
9	3.9798882
9	2.7993493
9	2.3285
9	3.2629695
9	3.5272942
9	2.5426893
9	1.1361192
9	0.98684347
9	3.1742277
9	0.9426581
