Pair_ID	relatedness_score
6	2.5403445
7	3.692505
8	3.7319174
1	4.031918
1	3.945459
1	3.6996894
1	2.7413425
1	1.8684018
1	1.6757762
1	4.094488
2	3.997548
2	4.1344385
2	4.2968807
2	3.9604502
2	2.8030362
2	3.7313452
3	4.167067
3	4.3528714
3	3.9550476
3	4.092025
3	3.7261176
3	3.9382634
3	4.0407186
3	4.139515
4	3.6949563
4	4.0642314
4	3.1455507
4	4.2093782
5	3.6819263
5	3.4916615
5	4.239293
5	4.2149854
5	4.0270195
5	4.237385
5	4.246974
6	4.1136584
6	4.133256
6	4.1554456
6	3.781074
6	4.0383987
6	4.110665
6	3.4965625
6	4.0573616
7	3.5909514
7	3.901504
7	4.1433125
7	4.1936073
8	2.6756423
8	2.3944607
8	4.36364
9	2.7077842
9	3.2450747
9	4.0474315
1	4.000707
1	4.168018
1	3.0170643
1	3.3419204
1	3.539525
1	4.069414
1	3.6035242
1	3.90132
1	3.277359
1	4.0140247
1	2.2147071
1	4.14334
1	4.1887317
1	2.1243024
1	1.9531848
1	2.2542944
1	3.145637
1	3.5720053
1	2.0817823
1	3.5258236
1	4.117297
1	3.6435971
1	3.5105605
1	3.264824
1	2.885818
1	3.731143
1	4.2535825
1	3.543632
1	3.8694768
1	3.521875
1	3.5548096
1	3.9004307
1	3.8305383
1	4.0794945
1	3.6228228
1	3.4814215
1	2.590652
1	3.633678
1	3.6480412
1	3.834333
1	3.8202276
1	4.1256094
1	3.0382295
1	3.1756644
1	2.4716873
1	3.3758283
1	3.440668
1	4.271238
1	3.5762267
1	4.169707
1	4.137015
1	3.7465672
1	3.5979176
1	3.748733
1	3.7211576
1	4.234823
1	3.660554
1	3.149631
1	3.6639118
1	2.8693175
1	3.8015795
2	2.568959
2	3.243195
2	3.8201327
2	2.9882708
2	3.580935
2	4.0207405
2	3.4913688
2	3.84972
2	3.258874
2	4.114029
2	3.8385563
2	3.245996
2	3.897304
2	4.060297
2	2.1688313
2	4.3827624
2	1.4254255
2	2.267334
2	3.513249
2	4.1763587
2	3.7499585
2	3.8208709
2	3.436264
2	3.9295926
2	3.5924058
2	3.6646867
2	4.2264757
2	4.083815
2	3.2030563
2	4.1827583
2	4.184689
2	3.8549914
2	3.9336667
2	3.751556
2	3.1192021
2	3.975658
2	4.077252
2	4.0398726
2	3.3396835
2	3.6655836
2	4.0674205
2	1.6690886
2	2.8566713
2	2.4867935
2	3.5942254
2	3.1307712
2	3.661509
2	1.9043379
2	4.111365
2	3.8695674
3	3.6609774
3	3.4089775
3	2.5764809
3	2.9318619
3	3.9227772
3	2.4353912
3	1.9723814
3	2.6299133
3	2.4390273
3	2.445459
3	4.2139263
3	1.5794135
3	1.1663535
3	2.3893557
3	3.799737
3	3.4641857
3	4.1822386
3	3.318081
3	3.389235
3	2.6800337
3	2.5162673
3	2.7021675
3	1.7801701
3	2.9728966
3	3.1043367
3	4.1730504
3	2.6773255
3	3.9287653
3	3.6109867
3	2.093976
3	4.038934
3	4.0650525
3	2.7430398
3	4.2910185
3	4.2466927
3	1.4064151
3	4.0274205
3	3.9021282
3	3.869172
3	3.8628292
3	4.1811595
3	2.1642714
4	2.6479583
4	2.6187434
4	3.0598686
4	2.7477026
4	2.9437485
4	3.9486308
4	3.9086657
4	3.7684555
4	3.5797377
4	4.124252
4	3.9595084
4	3.724616
4	3.2965055
4	3.69565
4	4.046721
4	3.799121
4	3.847487
4	3.3202887
4	3.982575
4	4.0058975
4	3.9351263
4	3.3701649
4	3.4985251
4	3.9171844
4	4.2198625
4	4.1169825
4	4.0574403
4	3.921856
4	3.8973618
4	3.8321848
4	4.079513
4	1.8929759
4	2.8395152
4	3.5074863
4	3.5971608
4	3.734951
4	3.7451706
4	3.8760285
4	3.3632503
4	4.081505
4	3.057386
4	3.6545806
4	4.107444
4	1.6297553
4	2.3395457
4	2.4125943
4	3.834766
4	4.121465
4	3.5561833
4	3.5462213
4	3.5589957
4	3.976509
4	3.1216512
4	4.0899706
4	3.0231252
4	2.1655862
5	2.0979712
5	4.1453066
5	3.8444815
5	3.3583179
5	2.483355
5	3.779893
5	3.6177363
5	2.2601385
5	3.5487742
5	3.6727161
5	3.5286002
5	3.5168762
5	3.6096463
5	3.9418583
5	3.895287
5	3.7844229
5	2.7069817
5	3.3668847
5	3.704863
5	3.4844723
5	3.3038955
5	3.4200673
5	4.1904616
5	4.247872
5	2.915205
5	1.8682203
5	2.9008007
5	4.036792
5	3.2508268
5	4.326641
5	3.5256076
5	3.9257646
5	3.855761
5	3.8100142
5	3.4532795
5	3.3199391
5	4.0013685
5	3.253463
5	2.8100824
5	3.3561287
5	3.9967737
5	3.8399215
5	2.5987728
5	3.5394535
5	4.3037186
5	4.2685113
5	3.9266467
5	4.2082963
5	4.012368
5	2.8988523
5	3.7259355
5	4.305593
5	4.4204106
5	3.6809583
5	4.2763486
5	4.374898
5	3.7752905
6	3.6770782
6	3.212987
6	2.0499039
6	2.4834843
6	2.5702558
6	2.6598911
6	3.1182463
6	3.6472745
6	3.0981374
6	3.6697454
6	3.9199624
6	3.0021505
6	3.4097662
6	4.211607
6	3.5471334
6	3.0423427
6	2.6592612
6	2.5618167
6	3.7557173
6	3.6853294
6	4.3428593
6	3.8514695
6	4.172985
6	4.1609883
6	4.098054
6	3.618559
6	3.8626394
6	3.7729115
6	3.3283381
6	4.3042784
6	3.924551
6	4.3641477
6	3.6168647
6	3.4885774
6	3.192553
6	2.9655209
6	3.351995
6	4.216011
6	3.7073941
6	3.7730422
6	3.31176
6	3.9128323
6	4.1866956
6	3.609449
6	4.003054
6	4.063128
7	4.042033
7	4.0410905
7	3.530529
7	3.0968869
7	3.5485077
7	2.8484693
7	3.4670997
7	2.5736265
7	2.8418713
7	4.1589622
7	3.4720788
7	4.1174493
7	3.7534757
7	3.7977161
7	4.204353
7	3.5918827
7	3.9496117
7	4.2402296
7	4.236619
7	1.9840655
7	1.9288607
7	3.4005136
7	2.9346237
7	3.3609085
7	3.136612
7	2.6557808
7	4.1257663
7	3.8754659
7	4.2155056
7	2.0138922
7	3.0819693
7	3.1292534
7	3.7194357
7	3.795586
7	3.3033304
7	3.7121215
7	3.0999846
7	3.9633703
7	3.1604197
7	3.8786092
7	3.9873095
7	3.6764498
7	3.6805725
7	3.6815157
7	3.822806
7	3.5073504
8	3.4327016
8	3.1884108
8	3.3476315
8	4.1329594
8	3.9957886
8	3.8352585
8	3.9951992
8	3.7766943
8	1.8033688
8	2.603406
8	1.820328
8	4.1403813
8	3.9851823
8	3.2668118
8	1.9093575
8	2.377029
8	1.6955564
8	3.6946688
8	3.2024174
8	4.3104577
8	3.6410747
8	4.1737223
8	3.4841504
8	2.3111243
8	2.6530066
8	4.0514193
8	3.877767
8	3.9692297
8	2.4819646
8	3.5939374
8	2.9200578
8	3.81919
8	3.0876613
8	4.109465
8	3.9265556
8	4.1083984
8	3.7622857
8	3.2550719
8	4.05349
8	4.1445293
8	3.7201653
8	3.7608495
8	3.436603
8	4.0147114
8	3.331308
8	3.721879
8	2.961897
8	2.626988
9	4.1160936
9	4.176733
9	4.174473
9	3.9327083
9	3.3639693
9	3.3475513
9	4.020049
9	4.1523542
9	4.235991
9	4.0611763
9	3.9241467
9	3.2811575
9	4.209849
9	4.323755
9	4.1596184
9	4.3006744
9	3.209556
9	2.8689718
9	3.587388
9	4.21446
9	4.1953483
9	4.0392175
9	3.7766352
9	3.876482
9	3.4681945
9	4.099595
9	2.0210066
9	3.7930984
9	1.7938927
9	4.033257
9	3.3560834
9	3.25213
9	3.2363691
9	2.6247463
9	2.8363838
9	2.1175883
9	2.4402661
9	2.1652296
9	3.465601
9	4.0192494
9	4.028876
9	1.5863495
9	3.0298777
9	4.0214825
9	3.276526
9	4.051265
9	2.0557508
9	2.2304091
9	2.1358733
9	2.6706195
9	5.063323
1	3.4739885
1	2.7907705
1	2.70225
1	2.624792
1	4.137097
1	3.623454
1	3.634406
1	4.0454645
1	3.975748
1	4.179278
1	4.080669
1	3.0449216
1	3.6978278
1	3.6685572
1	2.9218504
1	3.0455222
1	4.1312385
1	3.6851816
1	3.715551
1	3.6291418
1	1.5454164
1	3.659906
1	3.2951655
1	2.8955388
1	3.2109694
1	3.3420458
1	3.8563251
1	4.2308145
1	3.7469044
1	3.428328
1	3.8796139
1	4.014029
1	4.079948
1	4.166078
1	3.8391204
1	3.8589077
1	3.757782
1	3.7092886
1	3.861599
1	3.2839546
1	3.7138839
1	4.0507975
1	4.059883
1	4.0338097
1	4.2691646
1	2.5489044
1	3.359735
1	3.0565186
1	3.4387612
1	4.104194
1	4.036004
1	1.3536427
1	1.375666
1	1.2200896
1	4.335308
1	4.294605
1	3.545885
1	4.2401524
1	3.8807836
1	4.191205
1	4.284769
1	4.0870395
1	4.1530585
1	4.131475
1	3.9611936
1	2.58125
1	4.2353754
1	4.198017
1	3.6908183
1	0.8715049
1	1.0005922
1	0.8707801
1	4.1594024
1	3.6087365
1	3.48979
1	4.2560043
1	4.00597
1	4.1843834
1	4.1783695
1	4.1219845
1	3.9233704
1	4.198772
1	4.1669593
1	4.1697984
1	3.1788642
1	4.3743887
1	3.3054667
1	4.2146378
1	3.8775325
1	0.8906406
1	0.8212218
1	3.874807
1	3.8234668
1	3.9571981
1	3.6133409
1	3.5417166
1	3.925601
1	3.1734219
1	4.034052
1	3.6368103
1	4.224809
1	3.8577332
1	3.7741275
1	3.79676
1	3.7998738
1	3.7298722
1	4.265518
1	4.0496736
1	3.8019981
1	4.1336527
1	4.1943946
1	3.607699
1	3.9976282
1	2.0698268
1	3.1583753
1	3.3563457
1	3.3410559
1	4.08641
1	4.008287
1	3.1145964
1	3.0167632
1	3.4820595
1	3.7105484
1	3.8012123
1	3.9144306
1	4.301749
1	4.3309083
1	4.167701
1	3.8203964
1	4.2019024
1	4.1710052
1	3.915841
1	2.5594993
1	2.5146718
1	2.967414
1	4.284969
1	3.544057
1	3.912303
1	1.0788721
1	3.6122723
1	3.0090325
1	3.8601193
1	2.5468383
1	4.115736
1	4.076579
1	4.0761514
1	3.6996117
1	3.0929427
1	3.665019
1	3.4527502
1	1.6960535
1	3.6226335
1	1.62623
1	4.1393104
1	1.3576708
1	1.459864
1	4.284858
1	3.6495094
1	4.2482266
1	1.036774
1	0.98760337
1	1.026732
1	0.9997741
1	4.082653
1	3.5818334
1	4.098011
1	3.3346415
1	3.4606853
1	2.3851173
1	4.1587057
1	4.229185
1	3.70821
1	4.0319386
1	3.6892686
1	3.443214
1	3.7545948
1	4.11217
1	3.430859
1	3.8416991
1	4.084353
1	3.9081674
1	4.353261
1	3.6355095
1	3.8152142
1	3.8621182
1	3.9529238
1	4.1282854
1	3.4151258
1	3.7309537
1	3.7114272
1	4.2135644
1	3.0720587
1	4.0640163
1	3.8179994
1	3.9571815
1	3.9697356
1	3.933238
1	3.9862223
1	0.8645927
1	1.0088025
1	0.8574433
1	4.0139923
1	3.0072231
1	3.794292
1	1.11023
1	2.5946553
1	3.6330929
1	3.6524282
1	2.6307964
1	4.185796
1	2.812171
1	3.0844855
1	3.3601089
1	3.2192245
1	4.1108537
1	3.6980147
1	0.97735107
1	0.7967337
1	0.86664057
1	4.041073
1	3.9792414
1	3.5145106
1	3.645465
1	4.266217
1	3.4684176
1	1.3649044
1	3.983685
1	1.1854465
1	4.027234
1	3.5218263
1	4.3437815
1	3.3944783
1	4.268201
1	3.8015213
1	4.304654
1	3.5218549
1	3.300715
1	2.261829
1	2.5912828
1	1.9699832
1	3.9012208
1	3.9047756
1	3.1950846
1	4.110486
1	4.151785
1	3.7848883
1	4.1009574
1	4.3121934
1	4.226435
1	3.549024
1	3.8424168
1	4.163277
1	3.8539853
1	3.9857383
1	3.0497832
1	3.040812
1	3.0967574
1	2.9516194
1	2.052681
1	3.2187536
1	2.7640748
1	3.8490715
1	4.0427294
1	2.7683306
1	3.2643967
1	4.3460703
1	4.1628556
1	1.3780215
1	1.2017248
1	3.8232818
1	4.1722517
1	3.5886984
1	3.5881906
1	3.753222
1	3.8326726
1	3.6119342
1	2.1685963
1	3.7977595
1	2.3201308
1	4.020674
1	2.5012217
1	1.6418171
1	4.2777905
1	3.7230487
1	3.9484506
1	4.053445
1	3.0084755
1	2.5138946
1	1.7906415
1	4.1649017
1	3.6474252
1	3.5191627
1	3.8236022
1	4.033999
1	3.991498
1	4.3375845
1	3.9078913
1	4.2607174
1	4.198894
1	4.29757
1	4.346126
1	3.574132
1	4.2697754
1	4.4296665
1	3.108614
1	2.3080888
1	4.2122464
1	3.90879
1	3.9869676
1	4.177105
1	1.8612278
1	2.7704113
1	1.6074936
1	3.7884202
1	4.3113256
1	3.91228
1	4.0102186
1	4.3999805
1	3.0657434
1	1.5717502
1	4.137799
1	4.343596
1	3.136045
1	4.2988334
1	4.0333004
1	4.0578103
1	4.1966224
1	3.0487306
1	3.1207218
1	4.16089
1	1.2311352
1	1.3249681
1	3.7910328
1	4.1594944
1	3.2127674
1	4.0361166
1	2.8882008
1	3.9819217
1	3.941124
1	3.6898837
1	3.778232
1	3.359048
1	3.7929087
1	3.3452115
1	3.9145956
1	4.1859803
1	3.8652968
1	1.6421691
1	4.275815
1	3.0394444
1	1.8202778
1	3.3598485
1	4.035256
1	3.8023
1	3.979576
1	3.6409488
1	4.089661
1	4.1510763
1	4.2832227
1	2.674809
1	2.9531968
1	3.598153
1	1.9731758
1	3.9810343
1	4.172651
1	4.088587
1	0.8913177
1	1.0409485
1	1.2611173
1	1.1663246
1	4.3873305
1	3.544949
1	3.3274856
1	3.981686
1	3.5125003
1	4.372885
1	3.6303625
1	3.3466825
1	4.169333
1	2.044197
1	3.6830454
1	4.22955
1	2.9168186
1	4.327555
1	3.4284592
1	3.4127731
1	1.9661808
1	4.2075706
1	2.467387
1	4.065684
1	4.0030413
1	3.7561889
1	3.4236288
1	4.168654
1	3.9657788
1	3.750544
1	3.9707031
1	3.9391785
1	4.3487935
1	3.8361096
1	3.366025
1	2.9543195
1	3.5657024
1	4.405624
1	3.585576
1	1.9342058
1	2.8926902
1	3.8289523
1	3.7550564
1	2.888773
1	4.1698294
1	4.2755075
1	3.9613218
1	4.194771
1	3.2305133
1	4.3342967
1	4.2921453
1	3.6309156
1	2.0150714
1	4.033974
1	4.2103977
1	4.2908683
1	4.0956616
1	4.3283
1	1.37336
1	4.3808784
1	4.192663
1	1.6085155
1	1.6283404
1	3.410832
1	3.7685304
1	3.0607853
1	3.8129153
1	4.0539236
1	4.118418
1	3.832676
1	3.1179905
1	1.6705289
1	2.7553964
1	2.5691
1	2.6046877
1	2.6088433
1	2.5914474
1	2.5037599
1	3.6957169
1	4.145214
1	3.2704554
1	2.2711885
1	4.0682445
1	4.029758
1	2.846861
1	3.773818
1	2.9760933
1	3.5397968
1	3.7095652
1	4.022335
1	3.2207003
1	3.0464091
1	1.615359
1	3.7739444
1	1.6201123
1	1.8494757
1	1.6226124
1	3.0957685
1	1.2484391
1	3.3263621
1	1.1826991
1	3.015034
1	4.1588807
1	4.0400667
1	3.6926036
1	4.215717
1	4.0613613
1	0.98370606
1	0.7292174
1	1.179634
1	0.9316361
1	0.94979435
1	0.8275869
1	3.6836143
1	3.626042
1	0.9835092
1	3.5018678
1	3.7418127
1	3.6353245
1	3.2295036
1	2.8181863
1	4.072928
1	4.183523
1	1.3571784
1	1.1496505
1	1.0434523
1	1.2919874
1	3.9730558
1	3.5615206
1	4.054965
1	2.976467
1	3.9650583
1	3.8872213
1	4.3605824
1	3.2709045
1	3.9638581
1	1.8670704
1	2.569552
1	3.2606273
1	2.539766
1	2.032619
1	4.145362
1	4.139449
1	3.8587985
2	4.203609
2	3.4770126
2	2.1050932
2	1.5346396
2	3.8979487
2	1.0692949
2	1.1832193
2	1.106455
2	3.7125955
2	3.6749759
2	3.9592557
2	4.180414
2	3.9240756
2	4.168447
2	4.2091246
2	4.140824
2	4.353047
2	4.302631
2	1.5891356
2	1.8813097
2	1.1268125
2	4.0742693
2	4.4360185
2	3.2670155
2	3.9752574
2	3.626698
2	4.272762
2	4.059549
2	4.126058
2	3.9596677
2	3.8668714
2	3.7606645
2	3.5411282
2	4.3201947
2	3.550408
2	1.2123736
2	2.6795216
2	4.2487364
2	2.682815
2	1.3132778
2	1.3453264
2	2.95339
2	3.9447117
2	4.019567
2	3.9120903
2	3.9649844
2	4.0363016
2	3.4134336
2	4.1919923
2	3.9389114
2	3.8816662
2	3.039691
2	4.048962
2	3.6293406
2	4.248236
2	3.8083482
2	4.0896573
2	3.465291
2	4.260143
2	2.5334888
2	3.7692213
2	3.4656343
2	3.6101894
2	2.4389386
2	2.5481467
2	3.5257816
2	2.202529
2	3.016881
2	3.19099
2	4.285243
2	3.9411874
2	3.1116366
2	4.125342
2	3.6869593
2	4.364839
2	3.6748037
2	3.836841
2	3.83391
2	3.4768705
2	3.6314392
2	3.5652456
2	3.593494
2	3.3967466
2	3.6855526
2	3.3002076
2	3.1319175
2	3.4981446
2	3.4244404
2	3.8985076
2	3.3394456
2	3.739819
2	3.456317
2	4.294744
2	4.1048007
2	3.2940316
2	3.1002593
2	1.9807646
2	3.3833055
2	3.8627396
2	4.111632
2	4.2651305
2	3.5476227
2	2.936973
2	3.2552073
2	4.127193
2	4.08625
2	3.3851185
2	4.153494
2	3.8753972
2	2.233227
2	4.030257
2	4.2037816
2	3.9270296
2	3.8791466
2	3.4872818
2	3.718152
2	3.9279528
2	3.6709666
2	2.6600566
2	3.7568479
2	4.2409205
2	4.0784526
2	4.0592256
2	4.341317
2	3.3684125
2	3.5867953
2	4.280138
2	4.0682487
2	4.1331863
2	4.118019
2	4.1773577
2	2.7416716
2	3.8535042
2	4.239062
2	2.2217941
2	3.5982633
2	3.1238973
2	4.0584893
2	4.2812557
2	4.178791
2	4.185437
2	3.8626366
2	4.0561876
2	3.249085
2	3.990841
2	4.11921
2	4.148068
2	2.9470158
2	3.8198032
2	3.4256577
2	4.355822
2	4.2199264
2	3.6371756
2	3.3438377
2	3.5314326
2	3.3783135
2	3.214235
2	3.29423
2	2.8552685
2	3.9536195
2	3.9327579
2	3.303287
2	3.9654846
2	3.5303817
2	4.1501937
2	3.556604
2	4.1103163
2	2.9524913
2	4.2981257
2	3.3664474
2	3.3242235
2	2.6588168
2	4.1045856
2	4.02716
2	3.6953797
2	4.123796
2	4.0334177
2	3.5433922
2	4.104963
2	3.52289
2	4.0299525
2	3.558826
2	3.830688
2	4.2917843
2	3.6008773
2	2.6102653
2	3.4963245
2	4.3054867
2	4.347296
2	4.149669
2	4.216704
2	3.9446836
2	4.327971
2	4.217729
2	2.8056078
2	4.134275
2	3.4803834
2	2.7948458
2	3.5906248
2	3.487656
2	3.71523
2	3.0197024
2	4.1263876
2	1.1773804
2	3.4253411
2	4.002982
2	4.270641
2	3.8139176
2	4.0475593
2	3.2210374
2	3.66152
2	3.2521992
2	4.1752253
2	4.1904497
2	3.9182773
2	3.6229467
2	3.38942
2	4.0231895
2	4.2856617
2	3.9692078
2	4.2441087
2	2.209686
2	4.2834687
2	4.05161
2	2.7101915
2	4.254114
2	4.0074368
2	1.9082443
2	2.0546184
2	2.0648386
2	2.289987
2	1.8960607
2	4.231174
2	1.4048662
2	3.9835634
2	3.927446
2	4.089987
2	2.037417
2	3.2665257
2	1.4625465
2	2.0169692
2	3.8165593
2	3.4909945
2	3.8932748
2	3.4337912
2	3.4224296
2	3.871552
2	3.865458
2	3.6551652
2	3.996058
2	3.5475302
2	3.7302642
2	4.2365303
2	4.1657343
2	3.9560814
2	4.1490364
2	3.5076203
2	4.28196
2	4.2097135
2	3.9396343
2	4.0478134
2	3.460999
2	2.5530179
2	3.7966614
2	2.9822955
2	3.615851
2	3.3760371
2	2.7904775
2	3.7255888
2	4.018024
2	2.1978412
2	3.3705535
2	3.9758606
2	3.427866
2	3.9356632
2	2.774363
2	1.9458334
2	2.1660752
2	2.2564356
2	4.2289944
2	4.3580937
2	3.9415293
2	2.6662416
2	3.7821007
2	3.9529643
2	2.903821
2	4.242991
2	3.5129204
2	3.939722
2	3.3364286
2	3.2254124
2	3.5884943
2	3.7674375
2	3.8506455
2	3.7309766
2	4.1586366
2	3.7006092
2	4.190763
2	3.9838023
2	3.6918774
2	3.7737088
2	4.0738854
2	3.7858276
2	2.9799166
2	4.08227
2	4.021761
2	4.166124
2	4.269165
2	3.7712998
2	4.0335426
2	1.71297
2	3.7716022
2	3.2690344
2	4.122679
2	3.2059317
2	4.3265915
2	3.8249211
2	4.375454
2	3.4217362
2	3.6601396
2	4.0372295
2	4.093077
2	3.7028403
2	3.594399
2	3.8741035
2	4.3247485
2	3.8867254
2	3.9374723
2	4.0125127
2	3.928906
2	2.6149101
2	4.1959443
2	1.71212
2	2.7542996
2	4.2161455
2	3.999494
2	3.500042
2	4.1719565
2	3.9189095
2	4.1675444
2	4.196007
2	4.1829424
2	4.045674
2	3.4076872
2	4.33668
2	3.4294696
2	2.8390622
2	4.2155867
2	3.5205421
2	1.6282045
2	1.7060249
2	1.3771192
2	3.483078
2	4.034197
2	3.1397738
2	4.2402053
2	4.0402594
2	3.4867692
2	4.085687
2	4.352571
2	3.8183374
2	3.4204974
2	4.3018513
2	3.8336377
2	3.843173
2	3.6543026
2	3.037825
2	2.200018
2	3.8087573
2	3.8360748
2	3.970518
2	4.218274
2	3.960761
2	4.258852
2	4.127583
2	4.332048
2	3.5892706
2	4.0874405
2	3.5469503
2	3.4235682
2	4.16861
2	3.8473282
2	3.4220705
2	2.232471
2	3.3651032
2	4.039091
2	3.5430584
2	3.4365864
2	3.5676627
2	4.09383
2	3.492466
2	3.7047892
2	3.26963
2	3.5091915
2	3.6278167
2	3.882534
2	2.908341
2	2.2440667
2	3.0341935
2	2.5371833
2	3.0197215
2	3.8404536
2	3.0749278
2	1.8491106
2	2.6803255
2	3.6787395
2	3.9087434
2	3.453566
2	2.391745
2	3.411707
2	3.8455768
2	3.8551712
2	3.430583
2	4.1786766
2	2.6519732
2	4.0741277
2	4.344496
2	4.0172706
2	4.3411574
2	4.27819
2	4.390702
2	4.326093
2	3.6580787
2	4.1161118
2	4.351471
2	4.2094483
2	4.1256104
2	4.2569294
2	3.331018
2	3.8729148
2	3.715332
2	4.0351405
2	4.272554
2	3.6255531
2	4.2129884
2	3.4418736
2	3.4963665
2	3.5158
2	3.4162455
2	3.2284465
2	3.7524385
2	3.4748816
2	3.5408235
2	3.5507865
2	3.0112357
2	3.0309112
2	3.909131
2	3.8947177
2	3.9914942
2	4.227441
2	4.2501607
2	4.2911434
2	3.07908
2	3.621409
2	4.1039805
2	3.550084
2	3.7835984
2	4.3097715
2	4.125892
2	4.162976
2	3.2901182
2	3.1872015
2	4.125449
2	4.0215154
2	4.12235
2	3.7368693
2	3.8561716
2	1.746583
2	3.7942743
2	4.012259
3	4.111371
3	4.245112
3	4.1654944
3	3.9281297
3	4.296619
3	3.632256
3	4.162233
3	3.9050922
3	4.173601
3	3.0330255
3	4.119222
3	2.824335
3	3.9270258
3	3.6393614
3	4.010896
3	4.152353
3	4.0341125
3	3.0220509
3	3.468378
3	3.7116838
3	4.1745205
3	4.1326547
3	4.0402126
3	3.246105
3	3.929451
3	4.1266594
3	4.0061183
3	4.1356893
3	3.6859093
3	4.183865
3	4.2475657
3	3.3550925
3	3.9997582
3	3.4130044
3	4.237718
3	4.2320075
3	4.231559
3	4.0314417
3	4.2246566
3	4.1102886
3	3.9623442
3	4.301385
3	3.9043326
3	4.181736
3	3.2221622
3	3.929915
3	4.0069356
3	3.7659154
3	3.9801888
3	4.3032093
3	3.75563
3	3.8668475
3	3.631527
3	3.5078907
3	4.202943
3	3.945325
3	2.9996567
3	4.277324
3	3.937718
3	4.2417765
3	2.6492624
3	3.8554335
3	4.2637506
3	3.9523706
3	1.9117637
3	3.6002898
3	3.636365
3	3.5249248
3	3.7769294
3	4.040611
3	4.24358
3	3.615735
3	2.8213289
3	3.1635475
3	3.5644631
3	3.8220296
3	3.656807
3	3.1509778
3	3.0027328
3	4.242507
3	3.9168482
3	4.183689
3	4.296277
3	3.9287314
3	3.6837754
3	3.336893
3	2.864684
3	2.9859672
3	3.550568
3	4.1042023
3	2.5382967
3	3.6970787
3	4.1955557
3	2.2968402
3	2.8673434
3	3.853952
3	3.6222882
3	4.02653
3	4.000096
3	2.2887597
3	4.1545043
3	2.1417859
3	3.4952984
3	3.6015167
3	3.0940378
3	4.106218
3	2.8373652
3	3.5639
3	3.6620731
3	3.4779487
3	2.3910694
3	3.925178
3	3.9455647
3	3.3759718
3	2.427194
3	3.784995
3	3.5677967
3	4.066533
3	3.8605304
3	4.155714
3	4.00558
3	4.033589
3	3.9567213
3	4.0772038
3	3.9796371
3	3.5353274
3	3.6141868
3	2.6268482
3	3.346623
3	3.4064722
3	4.0235386
3	3.686841
3	4.340225
3	1.7606108
3	4.3433304
3	4.1026015
3	3.990819
3	4.0308576
3	3.713634
3	3.84802
3	4.088292
3	3.9600067
3	4.1443305
3	3.06811
3	4.32046
3	3.6576967
3	4.3936324
3	4.1593122
3	4.3831453
3	3.5391693
3	4.381837
3	3.9131212
3	3.8206086
3	4.177285
3	4.131271
3	3.1138299
3	3.776462
3	4.235117
3	4.052718
3	3.9984846
3	4.1852946
3	4.0329885
3	3.6971512
3	4.142215
3	3.880865
3	3.3458157
3	2.7508569
3	4.0819826
3	3.228032
3	3.9768271
3	4.178447
3	2.396347
3	4.138453
3	4.2707996
3	4.416414
3	4.073356
3	4.3070874
3	3.6020398
3	3.3897066
3	3.858542
3	3.7732596
3	3.5815878
3	3.0050194
3	3.5689054
3	3.8288293
3	4.3403473
3	4.024192
3	2.953324
3	3.4782376
3	3.9465184
3	4.270528
3	3.931131
3	2.424852
3	3.1983275
3	4.1440353
3	1.5449749
3	2.3700805
3	1.7425264
3	4.135991
3	3.6926336
3	3.364931
3	4.140126
3	1.2020472
3	1.1409249
3	1.5661368
3	1.4032358
3	3.6450567
3	3.2095218
3	3.7244205
3	3.2070231
3	3.510344
3	3.4795718
3	3.6699963
3	2.749114
3	2.9548206
3	3.9995732
3	3.7264752
3	4.4485173
3	4.4570565
3	4.1041183
3	3.5778236
3	4.2921624
3	2.1219916
3	3.4345994
3	3.7532792
3	2.5824692
3	3.911491
3	3.4394493
3	1.3294638
3	3.7031841
3	3.7385097
3	3.640307
3	4.193929
3	3.3283882
3	1.5967495
3	2.9275117
3	4.1762114
3	3.3817186
3	4.0391154
3	3.5658703
3	3.624422
3	3.6716886
3	3.9596906
3	3.8378549
3	4.124951
3	4.1326137
3	2.3929744
3	2.4553525
3	2.381596
3	2.1047862
3	3.5720634
3	2.0038943
3	2.7772722
3	3.4097676
3	3.01014
3	4.1728153
3	2.61621
3	3.7370348
3	3.9806933
3	3.9325786
3	3.0575156
3	3.4688325
3	3.22021
3	3.9563441
3	3.8436022
3	3.8021393
3	3.787768
3	3.9764986
3	4.105034
3	3.9515853
3	3.3547592
3	4.019944
3	2.609663
3	3.1778662
3	3.6638808
3	2.2862275
3	1.430898
3	2.9418516
3	3.8670363
3	3.9301562
3	2.5880852
3	3.9619713
3	1.6866337
3	4.3709936
3	4.318564
3	3.8241434
3	4.2766423
3	3.8168383
3	4.247111
3	3.6460657
3	4.33088
3	3.7687502
3	3.946663
3	3.938363
3	4.114383
3	4.075681
3	3.558446
3	3.5148897
3	3.8124595
3	4.1296835
3	4.33485
3	4.1126785
3	4.0377855
3	4.10686
3	1.0816791
3	3.8876405
3	3.8718047
3	3.1144419
3	4.089548
3	4.157734
3	4.149508
3	4.2614408
3	4.1512585
3	4.321936
3	4.1830673
3	3.0825868
3	1.889932
3	1.9968768
3	1.8782736
3	4.301021
3	4.142414
3	4.153738
3	4.2855563
3	4.2876787
3	4.1590514
3	4.2145066
3	4.293708
3	4.2453847
3	4.197977
3	3.6230311
3	4.3035145
3	4.021588
3	3.3097653
3	3.669753
3	3.248839
3	4.067937
3	4.332235
3	2.6782398
3	3.7811332
3	3.8241768
3	4.0503154
3	4.28815
3	3.4529047
3	2.4800696
3	3.3116903
3	3.1434863
3	3.956254
3	2.751037
3	3.5158143
3	2.302536
3	2.7004685
3	4.1055565
3	2.566965
3	4.0367985
3	4.0711155
3	3.4513645
3	4.1563883
3	4.0999846
3	3.9640794
3	3.8641768
3	3.8945527
3	4.170363
3	3.994337
3	4.391033
3	4.1271677
3	3.887713
3	4.2481008
3	3.9931574
3	3.4250746
3	4.0449185
3	4.1309175
3	4.0198994
3	3.1518912
3	3.8893237
3	3.3249607
3	4.217646
3	4.1822734
3	3.82756
3	3.335915
3	3.6762848
3	4.2850585
3	3.8321304
3	3.591673
3	4.16135
3	4.2409973
3	3.8911486
3	3.9452376
3	3.9673524
3	4.249159
3	3.9778996
3	4.2036395
3	1.2907805
3	3.8986645
3	2.777264
3	3.7231698
3	3.8880568
3	3.7595153
3	3.2199101
3	3.7644658
3	3.2808175
3	3.922627
3	4.1095233
3	2.4307687
3	2.4609718
3	2.8191772
3	2.3160675
3	3.1964254
3	3.1313338
3	2.131187
3	3.8705106
3	3.6899943
3	3.2137203
3	3.4129014
3	3.5417714
3	4.129779
3	3.4547262
3	4.397738
3	4.003539
3	3.3421302
3	4.2290316
3	2.396966
3	3.9994268
3	2.4061723
3	4.3110247
3	4.1237445
3	3.0727308
3	2.2744658
3	3.8793306
3	3.4181938
3	3.6277957
3	3.9781308
3	4.2480035
3	4.2537384
3	4.0137515
3	4.348506
3	3.6031976
3	4.350578
3	3.6367373
3	4.148608
3	2.5257292
3	2.1140664
3	2.3530161
3	2.3829613
3	2.7705612
3	4.0993404
3	4.153571
3	4.0459795
3	1.6270291
3	4.217199
3	4.208567
3	3.9790301
3	4.2913957
3	3.9718695
3	3.8694263
3	4.262119
3	3.416315
3	2.2213345
3	2.867659
3	3.8059435
3	3.262751
3	2.918022
3	3.154654
3	3.9540358
3	4.0654054
3	4.15223
3	3.5288916
3	4.1908507
3	4.2090297
3	3.724352
3	4.228931
3	3.548296
3	3.1733098
3	3.2764497
3	3.7057185
3	3.8684072
3	3.7212
3	3.4806814
3	3.3346395
3	2.160048
3	2.8025982
3	2.39894
3	3.4287992
3	3.724687
3	3.406973
3	4.154905
3	3.9892073
3	4.012467
3	4.2628717
3	4.1935472
3	3.6510592
3	3.1348658
4	3.2519553
4	3.9284525
4	4.018757
4	3.0462892
4	3.8180933
4	4.1315885
4	4.067146
4	4.211852
4	4.03461
4	4.0435495
4	3.335435
4	4.230559
4	3.7043724
4	3.7667308
4	3.9629598
4	3.9278746
4	4.2724857
4	4.1578317
4	4.0278025
4	1.5456682
4	3.2112546
4	3.245566
4	4.187593
4	3.8703108
4	2.5292463
4	3.8068042
4	3.1643252
4	4.0861044
4	1.354711
4	3.9287739
4	3.34476
4	3.7311883
4	3.9605308
4	4.0936284
4	3.824358
4	3.9090152
4	3.7869797
4	4.255338
4	3.9434614
4	3.9606385
4	2.305615
4	2.5797896
4	1.6875795
4	3.0153046
4	3.837891
4	3.5681386
4	2.0576508
4	4.1554284
4	3.2772589
4	3.0581746
4	3.5319314
4	4.252971
4	3.6307821
4	4.142267
4	3.6548328
4	3.9405127
4	3.3239594
4	2.8204718
4	3.5944772
4	4.1897993
4	4.03469
4	3.9594822
4	4.252904
4	3.3514209
4	3.7138762
4	2.6258626
4	4.010885
4	3.7903094
4	3.936407
4	1.9653692
4	2.1869578
4	3.5120196
4	3.186388
4	4.078923
4	1.8655155
4	1.8952291
4	2.106113
4	2.681189
4	4.152702
4	2.8251934
4	3.7436786
4	4.193007
4	3.5644913
4	3.7481923
4	2.2461035
4	1.1127533
4	1.9003767
4	1.1645443
4	2.2556565
4	1.7203944
4	1.5054362
4	3.9994254
4	3.7476692
4	4.120521
4	4.141618
4	3.5351534
4	4.1553936
4	3.2625399
4	3.9210777
4	3.444116
4	4.167382
4	3.1049085
4	1.5539136
4	3.7862387
4	3.375505
4	3.1041374
4	4.033683
4	2.2821612
4	1.1022583
4	1.3017488
4	4.3189535
4	3.7296042
4	3.115563
4	2.9914207
4	2.5724092
4	3.8468065
4	4.250882
4	3.2936358
4	3.4521623
4	4.215391
4	1.3080215
4	1.124597
4	1.122762
4	1.0542538
4	4.068479
4	4.155631
4	4.016896
4	2.4768987
4	3.8774648
4	4.299996
4	3.6528869
4	3.7397652
4	4.042128
4	3.0477018
4	4.118421
4	2.8681011
4	3.9016013
4	4.2679243
4	3.946495
4	4.0662775
4	3.4114838
4	3.9354525
4	1.1792421
4	1.7603029
4	4.0246987
4	3.99546
4	4.0201
4	3.8358002
4	4.087561
4	3.6257148
4	4.2117653
4	3.9553442
4	3.5413022
4	4.24829
4	3.3272452
4	3.727273
4	1.4490534
4	3.6312766
4	3.533162
4	4.1173058
4	4.294839
4	1.2581744
4	1.2678066
4	1.3014934
4	1.9045545
4	3.6605296
4	4.2081485
4	3.5784864
4	4.0580354
4	3.8198466
4	3.4135728
4	3.5627742
4	4.1798873
4	4.180326
4	4.0221014
4	4.366977
4	4.268763
4	4.0359583
4	3.497766
4	4.033622
4	4.2776866
4	3.8581023
4	4.1325955
4	3.5505886
4	4.2517343
4	4.1327133
4	4.1946573
4	4.10981
4	3.744862
4	3.8357015
4	1.2453891
4	1.1220566
4	0.9277872
4	1.3108644
4	1.2116991
4	4.020387
4	2.8069959
4	2.6642709
4	2.6490932
4	3.0392675
4	4.097987
4	3.8478804
4	3.7520947
4	3.492692
4	1.0557878
4	1.2125027
4	3.5946817
4	4.0153823
4	3.745098
4	3.0456052
4	3.8323174
4	4.2005024
4	3.4740047
4	3.8206482
4	4.2320724
4	3.3131847
4	4.122532
4	3.724741
4	3.8323884
4	4.337106
4	3.5167117
4	2.9522538
4	1.557013
4	4.2820883
4	1.554851
4	2.3818707
4	2.0047896
4	2.2476068
4	3.7308517
4	3.852624
4	4.04001
4	0.80159986
4	0.7883552
4	0.81744653
4	4.188251
4	2.8279011
4	4.263624
4	2.7573195
4	3.2476654
4	1.4726483
4	2.4281774
4	3.965898
4	3.9722018
4	3.910594
4	3.0332685
4	3.735035
4	4.1622295
4	4.1788306
4	3.6981459
4	3.8932629
4	3.5377111
4	3.935223
4	4.2718987
4	1.5635172
4	1.1121999
4	1.4647666
4	1.1365008
4	4.242575
4	4.358844
4	4.084266
4	3.2280624
4	3.8847008
4	3.6162715
4	4.0957904
4	3.2848506
4	4.331231
4	4.23436
4	4.1340947
4	4.0116653
4	3.7741446
4	3.1280322
4	3.2384667
4	3.2716522
4	3.131227
4	3.9512935
4	3.7281637
4	4.100582
4	3.6348715
4	1.270486
4	1.67542
4	2.1403928
4	1.095917
4	4.316556
4	4.0166717
4	4.313217
4	3.826129
4	2.2452369
4	4.08868
4	3.622508
4	0.9622778
4	0.8977497
4	4.187583
4	4.0376472
4	4.041049
4	4.1712933
4	4.188076
4	4.0171695
4	3.7483797
4	4.0646396
4	4.089369
4	4.31988
4	4.109967
4	3.9974976
4	3.7488222
4	4.311837
4	3.3107758
4	4.2181897
4	2.2087884
4	3.7849298
4	3.798286
4	1.2632354
4	1.8360187
4	1.9946132
4	3.108976
4	1.4918355
4	2.7483885
4	3.7023973
4	4.310077
4	3.5330014
4	4.07223
4	3.7647047
4	0.7821436
4	1.3838435
4	3.484159
4	3.8884768
4	3.878748
4	3.872992
4	3.1878004
4	3.1670341
4	2.6822362
4	3.826912
4	3.7943172
4	4.151704
4	3.891467
4	4.3273697
4	2.9424253
4	4.3255987
4	4.282397
4	4.179836
4	4.056892
4	4.37695
4	4.184572
4	3.6242585
4	3.8738866
4	3.7928438
4	2.9849834
4	3.6652136
4	4.1743064
4	3.7848997
4	2.15343
4	3.5995884
4	3.115036
4	3.3780017
4	3.9252825
4	3.2633834
4	2.766201
4	2.6368542
4	3.8993282
4	3.8258882
4	4.3341746
4	4.2045474
4	4.087995
4	4.108182
4	2.641408
4	2.808902
4	4.338907
4	4.291809
4	1.6072829
4	4.2558804
4	4.262519
4	1.795106
4	3.6175737
4	2.2434993
4	2.9765902
4	1.9150226
4	4.1509666
4	4.0484014
4	4.2442703
4	4.169522
4	4.272469
4	4.18427
4	4.090531
4	4.2007594
4	3.683197
4	1.4336238
4	1.7245425
4	1.8453822
4	4.1520114
4	4.298801
4	2.8216481
4	3.6906514
4	3.4901872
4	4.203456
4	3.519145
4	4.074329
4	2.840436
4	3.5623164
4	2.4885693
4	3.1916943
4	1.4513922
4	2.100759
4	2.7434459
4	1.5990114
4	1.8003309
4	3.4796314
4	2.7909603
4	4.2609396
4	2.5626621
4	2.886816
4	3.6576743
4	2.735673
4	2.9637775
4	4.202043
4	4.112241
4	4.103218
4	2.8226404
4	4.231506
4	4.232974
4	2.3437545
4	3.0467405
4	3.9156795
4	3.3024688
4	2.3563871
4	2.484745
4	3.0772352
4	4.0310454
4	3.64605
4	2.9510493
4	1.4919845
4	1.1576587
4	3.207827
4	3.9635034
4	2.8678746
4	2.761123
4	4.177892
4	4.133444
4	3.7198439
4	3.9767613
4	4.0526385
4	3.8612437
4	4.0787225
4	3.6720104
4	3.5059652
4	2.8073654
4	3.8462672
4	3.5877624
4	3.6150422
4	3.9992447
4	1.7972921
4	4.0383263
4	4.2413583
4	2.7268357
4	2.799407
4	3.6844792
4	4.1684785
4	4.165715
4	2.0051074
4	1.497847
4	1.4019767
4	4.2648764
4	1.3387604
4	2.1770198
4	2.5864112
4	4.1150217
4	1.4039288
4	1.5871446
4	4.1332836
5	4.099579
5	3.9042034
5	4.1211534
5	3.906395
5	3.7117004
5	3.2312963
5	4.2326894
5	3.9050612
5	3.53966
5	4.1787033
5	4.0932026
5	3.997562
5	2.856022
5	3.9812694
5	4.0109878
5	4.0521092
5	4.0814962
5	3.1690812
5	4.046251
5	3.857463
5	0.89008087
5	0.8625303
5	4.240199
5	4.0868726
5	4.0251865
5	3.74924
5	4.216628
5	4.136883
5	4.0924716
5	3.9278479
5	3.7288136
5	2.4675398
5	1.156291
5	0.88545394
5	4.1608963
5	3.5561056
5	4.171483
5	4.3032
5	4.2917404
5	1.7811717
5	1.6179638
5	4.2481055
5	3.9092398
5	3.9312944
5	1.1846956
5	1.0154318
5	1.0545757
5	4.369647
5	4.21662
5	4.3620567
5	4.2980275
5	3.9507031
5	3.6732907
5	1.1601224
5	4.269877
5	4.3459134
5	1.0944887
5	0.84386766
5	4.0587134
5	3.3927507
5	3.7768025
5	3.6880565
5	3.4431195
5	2.1387355
5	1.6580086
5	2.145784
5	3.7991095
5	0.88097745
5	2.0166898
5	2.511928
5	1.81103
5	4.2381635
5	3.1113515
5	1.1408519
5	1.0855366
5	3.7593002
5	4.2903347
5	1.1276488
5	1.0178641
5	1.1258882
5	3.997332
5	3.9164476
5	4.1642795
5	3.6460915
5	4.062941
5	4.018396
5	4.1534195
5	3.93542
5	1.4239007
5	1.1792817
5	2.4169273
5	3.7348495
5	2.4836807
5	1.3079555
5	2.8276973
5	4.0829487
5	3.438345
5	2.0847645
5	3.1317453
5	4.3304653
5	3.896494
5	3.0924482
5	3.12754
5	1.5587709
5	1.6089733
5	2.735577
5	4.2667174
5	4.144249
5	2.49938
5	3.4181533
5	3.9291782
5	4.3250403
5	3.6516027
5	4.1385865
5	3.8852882
5	3.4136415
5	3.4189854
5	3.519289
5	1.3023487
5	1.7374177
5	4.277671
5	4.319681
5	4.3474336
5	4.0116673
5	3.9574351
5	3.7697096
5	4.281391
5	3.436245
5	4.2538586
5	3.2312586
5	3.76341
5	3.377818
5	4.2409716
5	3.2014785
5	3.3275204
5	2.9893541
5	3.9592853
5	3.1377664
5	3.5688138
5	3.3490515
5	2.9178295
5	4.130331
5	3.9211016
5	4.2204957
5	1.0897108
5	0.97590214
5	1.134582
5	4.1048393
5	3.6852536
5	4.3396735
5	3.53553
5	3.502952
5	3.717677
5	3.5284495
5	4.0564837
5	2.9480798
5	3.8267775
5	3.0519102
5	3.9641871
5	3.4087758
5	3.2289927
5	4.155894
5	4.2166247
5	3.398085
5	4.147434
5	3.840292
5	3.2905278
5	3.7279243
5	2.8245854
5	3.822363
5	4.0952053
5	4.338295
5	3.8679852
5	4.152914
5	3.5962372
5	1.8860314
5	3.1986544
5	4.2431235
5	2.2096224
5	1.7367234
5	3.7191753
5	4.2251124
5	4.25667
5	3.578556
5	3.2502291
5	3.5258298
5	3.8107462
5	3.954389
5	4.0869346
5	4.239989
5	2.0233521
5	3.2857537
5	3.878151
5	4.027209
5	3.546411
5	3.7537756
5	3.5525913
5	4.0445294
5	4.0516734
5	1.2401514
5	1.4949763
5	1.2603643
5	0.9001827
5	4.046767
5	4.3047266
5	3.2908278
5	4.2400703
5	3.2412746
5	2.0751638
5	3.659204
5	4.0578265
5	3.828464
5	4.151448
5	4.3361335
5	3.83568
5	4.1572256
5	3.3917184
5	3.5015917
5	3.104587
5	3.7585487
5	3.5747814
5	4.3838086
5	1.1773379
5	1.3764867
5	3.9153337
5	4.217485
5	4.1645875
5	4.1889763
5	4.142362
5	4.1213217
5	3.6056385
5	3.6452136
5	3.3785276
5	4.214437
5	1.0408851
5	4.136028
5	3.5481763
5	3.41678
5	3.0653563
5	2.1016035
5	4.1864223
5	4.046912
5	3.510024
5	4.0672464
5	3.4453487
5	4.0698843
5	4.1309543
5	4.3858027
5	4.3320923
5	4.36339
5	3.9936247
5	4.034347
5	1.2571539
5	1.1783131
5	1.6755532
5	1.3944744
5	1.9585838
5	3.705121
5	4.185346
5	4.201966
5	3.9120088
5	2.906162
5	3.2458668
5	2.6227384
5	3.7798157
5	1.2254373
5	1.6908782
5	2.1912117
5	1.1131837
5	4.188565
5	4.3263154
5	4.216554
5	4.379813
5	4.240694
5	3.9278655
5	3.7255168
5	4.24
5	4.1177835
5	2.3159804
5	2.958476
5	4.226248
5	4.189554
5	2.238141
5	1.1482024
5	4.074504
5	1.259203
5	3.8134055
5	3.6605573
5	4.087451
5	4.230027
5	3.1802433
5	2.8260024
5	3.06843
5	3.1149583
5	4.1115494
5	3.8022227
5	2.821391
5	3.1408315
5	4.170789
5	4.2809234
5	4.215048
5	4.0237846
5	3.6810732
5	4.008193
5	1.269058
5	2.8993583
5	4.38214
5	3.8382716
5	4.07628
5	2.384743
5	3.958974
5	2.6165242
5	3.919187
5	3.6507382
5	3.6871948
5	4.1301265
5	3.6035833
5	3.6895728
5	4.1591487
5	4.055266
5	3.804482
5	3.9722333
5	4.1479754
5	4.0783844
5	3.9901447
5	1.3108664
5	3.8889322
5	4.048525
5	4.007512
5	3.3947735
5	4.0441117
5	4.206209
5	4.0207925
5	3.9776168
5	3.5263028
5	3.977325
5	4.067033
5	3.8142438
5	3.048214
5	4.341133
5	3.8769374
5	3.319674
5	2.7882628
5	3.6993742
5	3.792181
5	3.4927545
5	3.9862862
5	3.4736514
5	3.4810376
5	3.9064202
5	3.383716
5	2.6781054
5	1.5149932
5	4.1133795
5	2.4491372
5	3.6276836
5	1.5820359
5	1.4776937
5	3.1441693
5	3.7085528
5	4.025842
5	1.1136882
5	0.86606383
5	1.2774059
5	4.087302
5	4.124526
5	3.9464731
5	4.3308277
5	4.0838046
5	3.7206998
5	3.013608
5	3.0408916
5	1.3264383
5	3.5274153
5	3.7431912
5	4.4128227
5	4.195053
5	3.5468378
5	4.136584
5	3.9146705
5	3.1979465
5	3.664084
5	3.879506
5	3.6479301
5	3.8154616
5	4.2549605
5	3.888505
5	4.196943
5	1.9207307
5	4.1864686
5	3.2063465
5	3.959364
5	4.156573
5	4.0707994
5	3.750373
5	4.1782346
5	1.4367392
5	1.219398
5	1.5429007
5	4.1625743
5	4.087427
5	3.7739968
5	3.9596415
5	3.977748
5	3.787427
5	4.0384755
5	4.0721736
5	3.495448
5	3.656721
5	4.3096857
5	4.2066317
5	3.9585109
5	4.106555
5	4.211087
5	4.3486357
5	4.162287
5	3.8978276
5	4.2801666
5	4.394275
5	4.0807447
5	1.1455803
5	1.593496
5	2.02414
5	3.9662514
5	3.8033247
5	2.3860326
5	3.9653974
5	3.7280488
5	3.950564
5	4.3683715
5	1.9279668
5	4.094402
5	3.6710677
5	1.042578
5	4.0658035
5	4.192181
5	2.0105884
5	1.6689279
5	3.9470916
5	3.8102403
5	4.0232725
5	4.1669893
5	4.0597067
5	4.2209706
5	3.827775
5	4.506102
5	3.3985834
5	4.4320326
5	4.190377
5	3.897551
5	3.4887505
5	4.0343075
5	4.034328
5	3.945735
5	3.1703427
5	4.198911
5	3.238741
5	4.325591
5	1.6112549
5	1.3918359
5	1.1995002
5	4.30766
5	4.212632
5	3.8509808
5	4.2951145
5	3.6206412
5	4.061884
5	4.2107234
5	4.2605305
5	4.300492
5	3.5217671
5	4.119763
5	4.0780063
5	4.005461
6	3.8458104
6	4.329934
6	3.7875571
6	3.6287713
6	3.420661
6	3.1802793
6	3.1024165
6	2.227332
6	3.0989041
6	3.3427362
6	3.3026376
6	3.450159
6	4.090172
6	3.7287993
6	3.570396
6	4.1129675
6	3.4777865
6	3.9627218
6	3.7945728
6	3.5142808
6	4.1636825
6	3.425343
6	4.118415
6	3.47401
6	3.5521703
6	2.935174
6	2.7882829
6	3.5913005
6	2.8730354
6	4.246214
6	4.017365
6	4.118999
6	3.962286
6	4.0725923
6	3.8727026
6	3.6282887
6	2.8284717
6	3.1935558
6	2.7604775
6	3.2734528
6	3.9692721
6	3.899199
6	2.680941
6	4.0385528
6	2.9475942
6	2.8194914
6	3.5252357
6	3.4780025
6	3.761561
6	4.080753
6	4.1758657
6	3.865398
6	3.2560225
6	3.128089
6	2.548153
6	2.6694858
6	4.49155
6	4.043999
6	3.7994623
6	3.7969995
6	3.4260616
6	2.7446198
6	3.4209728
6	3.9137282
6	4.0641727
6	3.5393085
6	4.209011
6	3.58821
6	3.7602587
6	3.8468204
6	3.067957
6	2.4775548
6	4.059871
6	4.0817814
6	3.2872972
6	3.7632308
6	3.4191508
6	2.641475
6	2.0260515
6	4.1893563
6	3.4466934
6	3.483982
6	4.328969
6	3.3633747
6	4.030173
6	4.098562
6	3.7263694
6	4.384944
6	3.6642876
6	3.9430923
6	3.286254
6	3.177759
6	3.575378
6	1.6054095
6	3.9889107
6	3.8335571
6	3.3145318
6	2.8677568
6	3.9854617
6	2.6901011
6	3.9162054
6	4.0498385
6	4.125792
6	4.4269547
6	3.0415473
6	4.033272
6	4.0473733
6	4.223796
6	2.6981316
6	3.2601466
6	3.494319
6	2.3004627
6	3.184129
6	2.2805567
6	2.166113
6	4.142822
6	4.4063005
6	4.2977734
6	4.111286
6	4.3200088
6	3.7960339
6	2.850897
6	4.1834097
6	3.607185
6	4.2118278
6	3.8722434
6	4.1660047
6	3.3656402
6	4.0816545
6	4.053175
6	3.8379211
6	3.876186
6	2.6866255
6	3.9239893
6	3.523642
6	3.4702878
6	4.1358724
6	3.6755266
6	4.037117
6	3.5908155
6	4.201832
6	3.9980655
6	3.1929712
6	2.4745765
6	2.8891244
6	3.2294712
6	3.888865
6	3.9709992
6	2.9845154
6	3.3904157
6	3.4548821
6	3.6888013
6	3.7652578
6	3.7358832
6	3.9813552
6	2.6037025
6	2.6218953
6	1.8733414
6	3.5453324
6	3.762772
6	3.5945358
6	4.1821575
6	3.7637758
6	3.829619
6	3.568159
6	3.5373473
6	3.9746761
6	4.204855
6	3.6073914
6	3.9224224
6	4.0858417
6	2.7878714
6	2.9187493
6	3.8313808
6	3.3567295
6	3.4600496
6	4.3168526
6	2.9683142
6	3.1194963
6	3.5041094
6	4.031514
6	3.6876235
6	2.3365111
6	2.5609212
6	4.226639
6	3.8882647
6	4.2092133
6	3.8535743
6	3.9173884
6	4.000292
6	3.4170952
6	2.845162
6	3.1118479
6	2.5844193
6	2.380622
6	4.189765
6	3.8700547
6	3.9560513
6	2.8842998
6	2.531968
6	3.9259267
6	3.140554
6	4.344045
6	3.5654492
6	2.9554572
6	2.2841482
6	2.697524
6	3.9011621
6	3.759944
6	4.269558
6	4.2362714
6	3.6278849
6	3.7038312
6	3.821495
6	4.1360993
6	2.2610514
6	3.4409008
6	3.6347342
6	3.8354082
6	3.471161
6	3.8186598
6	4.123573
6	3.9312968
6	3.6883264
6	3.6433468
6	2.823535
6	3.4063678
6	3.0894268
6	4.1106915
6	3.6349163
6	2.5961757
6	4.0497437
6	3.96947
6	3.5867858
6	3.817111
6	3.6949
6	3.7775002
6	4.2401905
6	3.9660335
6	3.207753
6	3.2886982
6	4.040022
6	3.7137976
6	4.132848
6	2.8687453
6	3.6377687
6	4.3405046
6	2.8413653
6	3.9430833
6	3.0519094
6	4.0403814
6	3.2453284
6	3.6517434
6	3.4249883
6	4.032252
6	3.9116216
6	2.1706586
6	2.3286998
6	3.0189924
6	3.3001137
6	3.1508176
6	4.1724734
6	3.9885082
6	3.7429333
6	2.636967
6	3.7054925
6	3.921399
6	3.5364952
6	4.1350446
6	3.7835703
6	3.7896938
6	3.8535624
6	2.826902
6	4.0404224
6	4.0762253
6	3.9890752
6	4.11938
6	3.3741446
6	2.7017627
6	3.2902198
6	3.4859438
6	2.9426146
6	3.058807
6	3.947165
6	1.982881
6	4.180189
6	4.1991024
6	4.038982
6	2.5573034
6	3.9267097
6	3.3312335
6	3.7602706
6	3.481145
6	4.0306244
6	3.944211
6	3.9722648
6	3.4489312
6	4.100364
6	4.109185
6	3.5284
6	3.3357377
6	4.319331
6	4.232989
6	4.024358
6	4.0697207
6	3.6940823
6	3.852367
6	3.9044232
6	3.5971394
6	3.3317385
6	4.2345595
6	4.376073
6	4.3773365
6	3.6455603
6	4.0490065
6	4.0884414
6	3.5355592
6	2.8962984
6	2.7080812
6	3.2528162
6	3.7950926
6	4.3445177
6	4.211257
6	1.786194
6	2.102735
6	2.8137748
6	3.5466275
6	3.794197
6	3.529592
6	4.0310607
6	3.8557734
6	4.1473722
6	4.131733
6	3.1952963
6	3.6217532
6	4.311416
6	3.9333868
6	3.3199124
6	3.2425451
6	4.1404705
6	4.2155194
6	3.733572
6	4.152557
6	3.8538127
6	3.7170434
6	3.0186522
6	3.3876872
6	4.1789875
6	3.9159584
6	4.1282115
6	3.486301
6	3.3210874
6	3.5428839
6	3.5133934
6	4.0827117
6	4.141986
6	4.3696356
6	3.9445558
6	3.9533587
6	4.0210605
6	3.1425583
6	3.7327838
6	2.9181871
6	2.8168
6	4.113382
6	3.9090233
6	4.0386133
6	3.8737726
6	3.564692
6	3.844431
6	3.9862332
6	4.214605
6	3.9253569
6	4.291365
6	4.006761
6	4.00228
6	4.238972
6	3.8394895
6	3.6252284
6	3.8157444
6	2.7249203
6	2.965072
6	4.241582
6	4.161015
6	3.9737892
6	3.5240526
6	4.333268
6	3.6906605
6	2.79744
6	4.296241
6	4.0394077
6	2.5135665
6	3.7970128
6	2.316733
6	2.1664016
6	2.98379
6	3.5890694
6	3.4014997
6	3.117256
6	2.977354
6	4.214503
6	4.163438
6	3.102635
6	3.5986104
6	3.398785
6	3.0350847
6	3.7759895
6	4.191006
6	4.111829
6	2.047261
6	1.8351328
6	2.152422
6	2.3135505
6	4.299289
6	3.7420602
6	3.8781118
6	2.7380118
6	2.9112496
6	2.035461
6	4.2300205
6	4.211688
6	4.2897997
6	4.287465
6	4.068889
6	4.1856065
6	4.1354766
6	3.926044
6	3.3382401
6	4.0071487
6	4.0282917
6	3.6962948
6	3.3461108
6	4.20142
6	3.5472226
6	4.120234
6	3.8162456
6	3.3721642
6	3.8366437
6	4.0972204
6	3.9590063
6	3.8813624
6	4.2529035
6	2.9503694
6	2.2849288
6	2.5707412
6	3.8708858
6	2.8662958
6	3.705966
6	3.4891734
6	3.5079875
6	3.726499
6	4.0446286
6	3.3378491
6	3.69841
6	3.5897417
6	3.83922
6	3.0383573
6	3.812573
6	4.3424606
6	4.1330247
6	2.7928586
6	3.3348846
6	4.3439236
6	4.0904574
6	4.2445335
6	4.459518
6	4.3921723
6	2.941321
6	2.7106586
6	2.83295
6	3.889361
6	2.866311
6	2.5484018
6	2.3248777
6	3.1308608
6	2.410062
6	4.119223
6	2.9153826
6	3.8342285
6	4.047085
6	3.1182404
6	3.8046093
6	3.954451
6	3.8939056
6	4.0497065
6	3.200336
6	2.3410234
6	2.4742596
6	2.398717
6	2.8187819
6	3.6255455
6	4.0114684
6	4.1806617
7	3.3916116
7	4.0096917
7	3.531705
7	4.1963
7	4.0669255
7	4.1284266
7	3.7758641
7	1.7074121
7	2.0977046
7	3.9931998
7	4.3595877
7	3.6416297
7	4.293854
7	3.975339
7	4.3410482
7	3.2398715
7	3.7528267
7	4.29437
7	3.998417
7	2.454803
7	3.0111365
7	3.6251469
7	3.4784527
7	3.765215
7	3.8513017
7	3.3894715
7	2.8898015
7	3.3383303
7	2.6417577
7	3.946919
7	3.7859583
7	3.8813372
7	3.6320448
7	4.153324
7	3.9501815
7	1.8144963
7	2.3972049
7	2.463841
7	2.406188
7	4.282366
7	3.7611008
7	2.980055
7	2.516439
7	3.9407058
7	4.2250614
7	4.0422273
7	4.1858153
7	3.9989839
7	4.09082
7	2.904532
7	3.962072
7	3.7099123
7	4.399984
7	4.241265
7	4.2584853
7	3.6743436
7	4.049403
7	4.1275096
7	3.1917405
7	3.519526
7	4.270806
7	4.2419806
7	4.177778
7	3.1934075
7	4.2335505
7	4.1663656
7	4.1819835
7	3.8281317
7	3.4414434
7	3.875836
7	4.0176415
7	3.9883227
7	4.1995735
7	4.088792
7	3.4836688
7	3.8797078
7	3.633967
7	3.7224464
7	2.2724762
7	4.0390496
7	3.5790014
7	3.3026133
7	4.1545634
7	3.9466524
7	3.3566732
7	4.1917205
7	3.6733198
7	2.7569165
7	2.321619
7	3.9079986
7	4.075655
7	3.634334
7	3.803987
7	4.186457
7	4.136519
7	2.5977278
7	3.7464428
7	2.4845715
7	3.7701712
7	3.8040657
7	4.064138
7	4.1618195
7	3.666439
7	3.4986515
7	3.3450098
7	1.1173177
7	1.3708588
7	1.7406094
7	1.788713
7	1.4836702
7	4.131723
7	3.951995
7	4.2345967
7	2.6665163
7	3.3567352
7	3.534649
7	2.833365
7	3.8279629
7	2.954123
7	4.1601505
7	2.4301882
7	4.0760636
7	4.1297092
7	3.9736962
7	3.4083056
7	3.6492262
7	3.8875713
7	3.4224029
7	2.2825446
7	2.2034035
7	3.9570885
7	4.0704074
7	3.4577632
7	4.131637
7	3.8282394
7	3.742371
7	3.8809614
7	3.1066623
7	1.8180416
7	2.593247
7	1.7467487
7	3.3961706
7	3.3425221
7	3.9942117
7	4.029553
7	3.3967648
7	3.5992742
7	4.035186
7	3.7680721
7	2.0599585
7	2.8916116
7	2.9713473
7	3.266591
7	4.003463
7	3.9171658
7	3.5925498
7	3.6250286
7	3.774972
7	4.1421843
7	2.250875
7	2.7521586
7	4.0312095
7	4.129652
7	4.1354637
7	3.9240541
7	2.5806227
7	2.7510118
7	3.0695467
7	3.9277601
7	4.054793
7	3.7828522
7	3.3516707
7	3.1526732
7	4.149913
7	4.1002507
7	3.9581342
7	4.152104
7	3.998551
7	4.2261696
7	3.9846063
7	3.2974372
7	3.638484
7	3.7584271
7	3.9036007
7	3.7968726
7	4.0958405
7	3.5898771
7	3.2517323
7	2.5967526
7	3.957717
7	3.7163253
7	3.4559112
7	4.3192563
7	4.3019447
7	4.30266
7	3.112019
7	2.2312222
7	2.9091763
7	3.792994
7	2.772801
7	2.5706644
7	3.2903776
7	3.03267
7	3.7343779
7	2.6172004
7	4.194766
7	4.058748
7	3.5290866
7	3.5893846
7	3.8285007
7	2.488305
7	3.866228
7	3.8674965
7	2.6548014
7	3.942831
7	3.5144334
7	3.8447165
7	3.1521173
7	3.913663
7	3.6087046
7	4.055829
7	3.54326
7	3.5953264
7	3.8977132
7	3.618268
7	3.6105666
7	3.008277
7	3.3251328
7	2.0459118
7	4.056597
7	3.679923
7	3.084
7	3.9827752
7	4.0566206
7	4.000101
7	3.204896
7	3.8207073
7	4.0928254
7	4.312186
7	2.8505898
7	4.194235
7	3.7305617
7	3.3180342
7	3.2455761
7	3.7254643
7	3.4937706
7	2.0397773
7	3.8119955
7	3.4189873
7	3.475872
7	3.790916
7	3.7063484
7	3.3634424
7	3.422851
7	4.052591
7	4.05405
7	4.316542
7	3.2369418
7	3.0673466
7	3.8846292
7	3.581604
7	3.7637362
7	3.625114
7	4.181949
7	4.1178994
7	3.5368328
7	3.264058
7	3.2485766
7	3.6805248
7	4.091775
7	3.1277847
7	4.067195
7	3.858842
7	4.237821
7	3.876265
7	3.8229785
7	2.8021402
7	2.3428059
7	3.2992811
7	2.7924905
7	4.278193
7	3.6949387
7	3.4642258
7	3.9644594
7	3.27777
7	4.1749725
7	3.990151
7	3.8371234
7	3.9787745
7	4.037355
7	3.1152086
7	3.3341556
7	3.2726731
7	3.132371
7	4.224753
7	4.1134906
7	4.124794
7	2.9754338
7	3.9598484
7	4.112676
7	3.8343663
7	2.0380445
7	1.7778285
7	3.3211179
7	3.570778
7	3.4372816
7	3.252624
7	3.847786
7	2.5778608
7	4.0680494
7	3.4998574
7	3.8435307
7	4.187686
7	4.0455446
7	4.0378785
7	3.4223533
7	3.3243666
7	4.2180777
7	3.9875631
7	2.0702693
7	2.7760983
7	3.324614
7	2.6215687
7	3.9078064
7	2.7399268
7	3.7505503
7	3.2534876
7	3.9866772
7	3.82656
7	4.0394793
7	4.069462
7	3.8551345
7	3.8511071
7	4.040701
7	4.029196
7	4.097059
7	3.9969983
7	3.7867594
7	3.9731708
7	4.018764
7	4.0033565
7	3.858539
7	3.6701908
7	2.775941
7	2.5255775
7	2.2499619
7	1.8141173
7	3.4960093
7	3.919705
7	3.9691052
7	2.3140566
7	2.638712
7	2.9079218
7	3.9586244
7	4.1343303
7	3.8481803
7	2.2529716
7	4.099625
7	4.1712823
7	4.177114
7	4.0638533
7	2.959402
7	2.6740632
7	3.958704
7	3.5265007
7	2.9774184
7	4.2007136
7	4.0989866
7	4.0443316
7	4.024962
7	4.0496993
7	3.9639492
7	3.8488364
7	2.1759183
7	4.1106153
7	3.5613608
7	4.012258
7	4.1764517
7	3.226677
7	4.059429
7	3.7756872
7	3.4041576
7	3.6377325
7	4.020984
7	3.9115524
7	4.0915117
7	3.104923
7	3.2570336
7	3.939865
7	4.079238
7	3.984354
7	3.4657793
7	4.3560495
7	4.3467927
7	1.9951406
7	3.7027593
7	4.4074645
7	4.0923514
7	3.8020463
7	4.1387725
7	4.260246
7	3.5707245
7	4.2766747
7	4.1595216
7	3.5870428
7	3.7173486
7	4.219561
7	2.057807
7	3.0627131
7	4.044296
7	4.053044
7	4.0308194
7	2.1465833
7	3.6603189
7	3.7812886
7	4.0385113
7	3.804203
7	4.039602
7	4.0115566
7	4.064907
7	4.3652663
7	4.213558
7	4.348105
7	4.3732786
7	4.351685
7	3.4462662
7	4.4048786
7	4.1601005
7	4.1549077
7	4.475523
7	3.7491412
7	3.6707287
7	3.798195
7	3.3421884
7	3.315062
7	3.789195
7	3.5805597
7	3.4500403
7	4.0646663
7	3.8800454
7	3.3883352
7	3.5015445
7	4.001985
7	3.837206
7	3.8990097
7	3.4604068
7	3.6096559
7	3.5520349
7	3.728971
7	3.252952
7	4.219267
7	3.8954701
7	4.2627974
7	3.226492
7	3.5021033
7	3.5767112
7	3.9211893
7	2.845642
7	3.7494564
7	3.947235
7	3.9113064
7	3.751165
7	3.7497625
7	3.599677
7	3.743321
7	3.547512
7	4.110488
7	4.074553
7	3.2442446
7	3.9041743
7	4.1493526
7	4.2486606
7	3.694654
7	1.4235042
7	3.9353957
7	3.5637226
7	3.0646315
7	1.8598298
7	3.9362383
7	4.180429
7	4.0902557
7	3.3038144
7	3.7952094
7	3.699953
7	3.040944
7	3.7028475
7	3.9729047
7	3.8581882
7	3.7820168
7	3.8489814
7	3.0485926
7	3.2388792
7	3.3167424
7	3.6172462
7	3.6710129
7	3.8057055
7	3.9434643
7	3.8600674
7	4.3260636
7	4.135451
7	2.3738956
7	3.8545227
7	4.1616297
7	4.048024
8	3.8425922
8	4.083395
8	4.344358
8	4.2375565
8	3.4119797
8	3.8140492
8	3.8743439
8	4.209428
8	3.9116092
8	3.5952897
8	4.461484
8	4.242607
8	4.0402174
8	4.115827
8	4.257207
8	3.2296665
8	2.8541393
8	3.529245
8	4.3077154
8	3.116689
8	3.4011035
8	3.9036875
8	3.909536
8	4.2096853
8	3.834569
8	3.823204
8	4.103161
8	4.2151823
8	3.7254434
8	4.033006
8	3.8869996
8	3.921784
8	4.18238
8	3.6178093
8	3.5954628
8	3.6968174
8	3.9742808
8	4.2229023
8	3.9949565
8	4.1989064
8	4.061891
8	3.8234296
8	4.0713425
8	4.164102
8	4.393837
8	4.4094863
8	2.7856328
8	3.8202162
8	3.42203
8	3.7006679
8	3.9282222
8	3.8124614
8	4.00371
8	3.3503666
8	3.9594417
8	3.7889194
8	3.396851
8	4.172207
8	3.868032
8	1.7967558
8	1.8176849
8	1.7736936
8	1.7390845
8	2.0239146
8	4.273173
8	1.9494028
8	3.1454444
8	4.092818
8	4.0767612
8	4.1016717
8	2.811986
8	3.6736813
8	3.8242898
8	3.9586582
8	3.8897686
8	2.5588713
8	3.8358603
8	3.9155302
8	2.6779752
8	3.7938385
8	3.4318924
8	3.300981
8	4.1352677
8	4.185295
8	4.1075077
8	3.9540377
8	2.4459925
8	2.852662
8	3.3470616
8	2.640553
8	4.280237
8	3.8764405
8	4.0005817
8	3.9865985
8	4.269731
8	4.1365314
8	4.0729146
8	4.082106
8	3.9249787
8	3.5728254
8	2.905644
8	4.2494245
8	3.5871649
8	2.8104224
8	3.8668962
8	3.2967224
8	3.9277945
8	3.9973493
8	2.729858
8	4.1462
8	4.0841346
8	4.294417
8	3.5608935
8	4.086389
8	3.7204576
8	3.4885235
8	3.8516774
8	3.7176385
8	4.18503
8	4.323562
8	4.1997256
8	4.1943917
8	3.7680812
8	3.2666903
8	4.311759
8	3.5894923
8	4.3032036
8	4.045621
8	4.0499187
8	3.2111306
8	3.1562696
8	3.9349613
8	3.7883549
8	3.964191
8	4.0219088
8	3.796813
8	3.6644654
8	3.0035667
8	3.51026
8	3.9863763
8	4.1174846
8	3.8131561
8	3.8396692
8	4.1170845
8	4.018003
8	2.9858356
8	1.527709
8	1.6758287
8	3.9735675
8	3.8070889
8	3.693615
8	3.237848
8	3.138997
8	4.21556
8	4.167541
8	4.2993507
8	4.2598433
8	4.2570353
8	3.8874283
8	3.7347775
8	3.8337417
8	4.0865946
8	3.705513
8	4.2879453
8	4.010857
8	3.9707632
8	2.4210262
8	2.4828858
8	4.3864994
8	4.2404375
8	4.2991557
8	4.283871
8	4.351255
8	3.8896508
8	3.9347124
8	2.6680813
8	3.8768487
8	3.8450108
8	4.1925535
8	3.8353586
8	3.3630033
8	4.036605
8	3.8642616
8	3.7900462
8	3.220158
8	3.8865848
8	4.1541433
8	3.698378
8	3.7234426
8	4.0489774
8	3.200897
8	4.1103444
8	4.0630074
8	3.7699776
8	3.970621
8	4.381291
8	4.20346
8	3.8074226
8	3.7696805
8	3.9466524
8	3.561808
8	3.17387
8	2.9048128
8	3.3259945
8	3.0507183
8	4.0389423
8	4.2471466
8	4.304467
8	3.5634708
8	3.5126133
8	3.841453
8	4.2230268
8	4.2217035
8	4.184549
8	4.25736
8	4.2565517
8	4.2506275
8	4.093846
8	4.2699456
8	3.506135
8	3.6465187
8	3.5935426
8	3.4724793
8	3.4295154
8	3.277182
8	3.8764071
8	3.978713
8	3.674209
8	2.3110752
8	2.2522745
8	3.4660974
8	2.949804
8	4.090863
8	4.001712
8	4.0405545
8	3.5105052
8	4.034923
8	4.0388603
8	3.784381
8	3.027029
8	3.2544765
8	3.3975601
8	3.2908244
8	3.1444387
8	4.162968
8	2.5066552
8	2.6601381
8	4.155616
8	3.9166217
8	4.3127747
8	4.009589
8	3.210404
8	4.0924435
8	3.6924186
8	4.089679
8	3.826652
8	3.6995072
8	3.9470258
8	3.8247218
8	4.237868
8	3.502201
8	3.9113994
8	3.168168
8	3.3306322
8	3.673379
8	3.8437872
8	3.702259
8	3.6206083
8	4.2736
8	3.2271447
8	3.2433085
8	4.2623806
8	3.9120436
8	4.1029882
8	3.660263
8	3.3940806
8	4.1447077
8	4.1968794
8	3.0464995
8	2.8929253
8	2.7911534
8	2.8705626
8	3.5572686
8	3.816537
8	2.7484894
8	3.875864
8	3.4022994
8	3.766316
8	4.057523
8	4.035598
8	3.4017434
8	3.79313
8	4.109958
8	4.2487025
8	4.2316513
8	2.3622727
8	3.78937
8	3.7471037
8	4.188164
8	4.1058397
8	3.5928335
8	2.940669
8	2.8863754
8	3.8532157
8	2.285229
8	3.5718298
8	3.871798
8	4.1175084
8	4.047866
8	4.130487
8	4.013938
8	3.7138405
8	3.914648
8	3.72257
8	3.7910676
8	3.4774904
8	3.698491
8	4.065103
8	3.7303224
8	3.690855
8	4.094134
8	4.251417
8	4.0026712
8	3.7855248
8	3.8963203
8	3.9942346
8	3.7216973
8	3.9496245
8	3.7838817
8	4.1556816
8	3.963066
8	3.8336082
8	4.3575697
8	4.179317
8	3.2692327
8	2.6986704
8	4.194684
8	3.9411407
8	4.0446486
8	3.8153405
8	3.588427
8	3.8342018
8	2.9362917
8	4.2181826
8	4.0703497
8	4.026871
8	3.9073696
8	3.7961617
8	3.6728883
8	4.1642447
8	4.019236
8	3.588385
8	3.7382417
8	3.8383808
8	4.2123427
8	4.0444574
8	3.526813
8	4.0024533
8	4.145908
8	1.8100189
8	2.1351106
8	4.1437497
8	4.108301
8	3.461063
8	3.302188
8	3.6088586
8	3.306488
8	3.2005024
8	3.480208
8	4.055766
8	3.230514
8	3.925774
8	3.6201801
8	3.0170312
8	3.7193856
8	3.1069365
8	3.8895235
8	3.9061284
8	3.5168257
8	3.9904356
8	3.9543085
8	3.0540624
8	3.1883361
8	3.9937758
8	4.0869665
8	3.3984685
8	1.8927302
8	3.1252456
8	4.0358043
8	3.5232663
8	4.115434
8	3.0259204
8	3.316123
8	3.6508083
8	3.5724826
8	3.7481031
8	3.8325825
8	3.595292
8	4.03985
8	3.9817567
8	3.631518
8	3.2856345
8	3.6342235
8	4.123888
8	4.1121407
8	3.987937
8	3.1318073
8	4.1551943
8	4.220999
8	4.0802984
8	3.7819219
8	4.200408
8	4.1813703
8	3.9366884
8	4.063087
8	4.1952095
8	4.0296636
8	4.231861
8	3.9964466
8	4.2057395
8	2.1512923
8	3.606163
8	2.9589162
8	3.9428873
8	4.256461
8	4.2027764
8	3.8718243
8	3.1826243
8	1.8852363
8	2.3232756
8	2.8296947
8	4.210367
8	4.0077453
8	2.040688
8	2.7461028
8	4.1631403
8	4.076266
8	4.1307673
8	3.5924597
8	3.4831266
8	3.7223835
8	3.9597344
8	3.9880772
8	3.9544868
8	3.978701
8	3.9294386
8	4.3385143
8	4.260946
8	3.8821807
8	3.649187
8	4.126092
8	4.2140446
8	2.7175698
8	2.583411
8	3.6132083
8	3.2103446
8	2.9605665
8	4.0277057
8	3.9833446
8	3.5016727
8	1.7691591
8	1.8212681
8	1.8054324
8	1.8096788
8	4.0329
8	3.9273052
8	3.9615397
8	2.879715
8	2.2464323
8	3.8918815
8	4.23726
8	3.8787575
8	3.988079
8	3.411841
8	3.601482
8	3.5941558
8	4.248028
8	3.216671
8	3.330235
8	4.247221
8	4.3224235
8	4.3131647
8	3.7728806
8	3.860083
8	4.2216125
8	4.113037
8	3.9137
8	3.9011273
8	4.1134877
8	3.366889
8	4.242779
8	3.3279204
8	2.5661578
8	3.2864747
8	4.029377
8	3.5330567
8	3.9991803
8	3.0831227
8	4.086583
8	3.5807762
8	4.064964
8	3.9187007
8	4.1979423
8	4.11413
8	4.2281146
8	3.6155076
8	3.8194976
8	3.2821126
8	4.278464
8	4.2438116
8	3.7812476
8	3.34278
8	3.305593
8	3.9688087
8	3.7119818
8	4.1121798
9	3.9260182
9	4.037368
9	3.0973887
9	4.169363
9	4.1611905
9	3.940927
9	4.1245756
9	3.8166509
9	3.5937734
9	4.297703
9	3.850399
9	2.8005815
9	4.250222
9	4.2092857
9	4.1714673
9	4.075846
9	3.705896
9	4.0890617
9	4.0082884
9	4.1658645
9	4.1749005
9	4.053646
9	3.974401
9	3.8013778
9	3.840475
9	3.3748932
9	3.2706804
9	3.7142534
9	4.013225
9	3.9656415
9	3.013246
9	3.5391145
9	4.002961
9	3.524321
9	2.6943836
9	3.763445
9	3.9532518
9	2.7634668
9	4.2129717
9	2.6532023
9	3.1665463
9	3.4299722
9	2.076039
9	2.8723545
9	2.7089558
9	1.7004334
9	3.8278227
9	3.8928638
9	2.7276702
9	3.043026
9	3.6170516
9	3.8832326
9	3.0863588
9	3.8342195
9	3.6430497
9	3.7218451
9	4.190565
9	4.1710954
9	4.2300596
9	2.0041854
9	2.1495976
9	1.7927539
9	3.8756132
9	3.340454
9	3.4576974
9	4.1423664
9	3.8270025
9	4.268683
9	3.746376
9	4.5134997
9	2.6720624
9	3.7087293
9	3.9676676
9	3.603126
9	3.526905
9	3.4550276
9	3.8411279
9	3.2901525
9	4.1052737
9	3.0066555
9	4.140111
9	4.192814
9	3.4134698
9	1.712896
9	3.2172816
9	3.4574747
9	3.7792964
9	3.5406775
9	3.227292
9	4.0534744
9	3.5893264
9	4.243429
9	2.9445062
9	3.1294665
9	3.6087017
9	4.421567
9	4.233418
9	4.052276
9	4.0304585
9	4.111675
9	3.4973583
9	4.2317624
9	4.2632647
9	3.6705022
9	2.5289898
9	3.3399067
9	3.8708658
9	4.1032314
9	4.0401554
9	2.9239807
9	2.982871
9	3.7293296
9	3.3452287
9	3.966343
9	4.274546
9	4.1025853
9	4.0921326
9	4.162671
9	2.904029
9	2.8725753
9	2.7225432
9	2.8644805
9	4.165738
9	1.9460316
9	1.3148631
9	2.7188122
9	4.053157
9	3.8726459
9	3.8241978
9	2.1430354
9	2.4637475
9	3.1318536
9	3.9471302
9	3.921289
9	3.6918526
9	3.8523374
9	4.0715036
9	2.6035757
9	3.7798848
9	3.992001
9	3.9940987
9	3.920598
9	3.6950145
9	3.9585795
9	4.1404066
9	3.5099082
9	3.5093174
9	3.708376
9	3.7259693
9	3.6128564
9	2.9184942
9	4.327993
9	4.218333
9	4.3357534
9	3.1759462
9	3.8124852
9	3.9171414
9	3.9289718
9	2.9159822
9	1.8790143
9	2.091031
9	4.2050076
9	3.9968781
9	4.108886
9	2.5480232
9	3.9429965
9	4.5051503
9	4.087102
9	4.3890038
9	3.9478245
9	3.750104
9	3.7757144
9	3.9773874
9	3.36311
9	2.8985345
9	3.380262
9	3.7439623
9	3.5839467
9	3.272183
9	3.4911137
9	3.9220033
9	4.0505857
9	4.3960004
9	4.3916655
9	3.9059768
9	4.4011507
9	3.6006851
9	3.0128646
9	4.141869
9	4.0936856
9	2.6356611
9	2.619954
9	2.7951274
9	2.6597016
9	3.8254771
9	1.2258701
9	2.7639627
9	4.088406
9	3.0275638
9	2.6505089
9	2.3390927
9	4.1590543
9	4.0206637
9	4.3323383
9	3.3331761
9	4.111685
9	2.9707036
9	3.8017192
9	4.118766
9	3.7242403
9	3.912056
9	3.8560452
9	3.9917722
9	3.6785154
9	4.200647
9	4.167805
9	3.551355
9	3.6747012
9	4.2883024
9	3.7780004
9	4.1085105
9	2.4413261
9	3.1878476
9	4.229323
9	3.953652
9	3.9090757
9	4.2532105
9	4.265664
9	3.6565661
9	3.4995756
9	3.0268192
9	3.7608585
9	4.1157517
9	2.4844546
9	2.3155599
9	4.300679
9	4.183166
9	4.2454963
9	3.9363441
9	4.07318
9	4.100319
9	4.297975
9	4.15061
9	3.9041748
9	3.5788765
9	3.906814
9	4.235108
9	3.5497189
9	2.7571669
9	2.4004436
9	3.6664343
9	4.3284755
9	3.5331364
9	2.99471
9	3.256723
9	3.123158
9	4.098506
9	4.044345
9	2.9506228
9	3.5873785
9	3.5510025
9	4.226651
9	4.2705216
9	4.138082
9	2.7297435
9	4.013549
9	3.9235787
9	3.5655947
9	3.7431726
9	4.0501413
9	4.051813
9	3.720963
9	4.0233884
9	4.089086
9	3.8192525
9	4.103744
9	3.3238993
9	4.2347603
9	4.2386055
9	3.7599382
9	3.5565019
9	3.5301738
9	2.288382
9	3.7434587
9	3.6284366
9	3.375577
9	4.3293524
9	4.3791842
9	4.124108
9	3.17027
9	3.3496776
9	4.1582685
9	3.89324
9	4.179992
9	4.085791
9	4.0793853
9	4.1820345
9	4.24164
9	3.2801337
9	4.146776
9	3.6472745
9	4.0535874
9	3.994985
9	4.024709
9	4.0652966
9	3.810318
9	3.708848
9	4.221263
9	4.4831123
9	4.346134
9	3.916277
9	3.997075
9	3.823965
9	4.0610423
9	3.8011165
9	3.5440283
9	4.0581074
9	4.165834
9	2.78757
9	4.2190747
9	2.6937356
9	3.9118395
9	4.056547
9	3.9071784
9	4.060499
9	4.2845116
9	4.173625
9	4.1258526
9	4.2043467
9	4.1222844
9	3.898199
9	3.8667111
9	2.8256302
9	2.8786478
9	4.0848246
9	4.073653
9	3.3634782
9	3.343874
9	3.6929197
9	3.4435616
9	3.7319107
9	4.342937
9	4.1267366
9	3.9141145
9	4.033336
9	3.955285
9	4.0012336
9	3.9869032
9	4.064329
9	4.33721
9	4.115581
9	4.0964994
9	3.2324893
9	3.8091588
9	3.8088288
9	3.7580242
9	3.6869903
9	3.6788678
9	3.9513097
9	2.115819
9	4.04025
9	4.347607
9	4.3601084
9	4.305736
9	3.932561
9	4.1468167
9	3.3106537
9	3.716476
9	3.8402553
9	2.5607128
9	1.1655385
9	2.1281796
9	3.7574315
9	3.6472244
9	3.4369626
9	3.749035
9	3.4266062
9	3.96136
9	4.331834
9	1.561317
9	1.6664567
9	3.9454908
9	3.189035
9	3.1495266
9	3.1275039
9	2.264523
9	2.2690792
9	1.8385209
9	1.4098686
9	3.5190024
9	3.9943314
9	3.0603766
9	3.5492907
9	0.7808188
9	2.914319
9	0.9029206
9	0.96451
9	2.0321016
9	2.9084163
9	3.9751716
9	1.3968871
9	0.93124336
9	1.4755014
9	4.278683
9	3.6707783
9	1.3595234
9	2.5981011
9	1.6200349
9	2.1673098
9	1.7079821
9	2.4361887
9	2.4627173
9	1.9660764
9	1.1579814
9	2.8372054
9	1.155993
9	3.4704003
9	1.7908951
9	2.6817765
9	1.5251684
9	2.996856
9	1.9663231
9	1.6919894
9	3.1843143
9	3.799438
9	3.4445992
9	2.951682
9	4.1673164
9	1.6438708
9	1.6539582
9	2.851534
9	3.6584592
9	1.2658187
9	4.0280213
9	2.1978507
9	2.6655912
9	2.9047756
9	4.0812097
9	1.4454039
9	1.8749022
9	3.460782
9	2.950633
9	3.5967631
9	1.2350198
9	2.8059206
9	3.0166864
9	0.93905205
9	3.027144
9	1.2679694
9	2.0966468
9	2.9296432
9	3.3387246
9	3.2040095
9	0.82359475
9	2.7661533
9	3.0227404
9	2.6868653
9	2.7549896
9	1.7634461
9	1.3392297
9	1.6965548
9	4.349565
9	1.3710604
9	2.2919345
9	2.637054
9	2.1367974
9	1.4652457
9	2.0314798
9	1.1545782
9	1.8044786
9	0.8794004
9	4.102854
9	3.2477143
9	1.2226187
9	3.9299054
9	1.4776167
9	2.0549088
9	1.0334126
9	3.5358963
9	3.0433798
9	3.055838
9	2.971439
9	3.9011688
9	4.1357975
9	4.046925
9	3.6102266
9	3.9012647
9	2.559412
9	0.9401283
9	1.2364142
9	3.4690757
9	2.501956
