Pair_ID	relatedness_score
6	3.6435995
7	3.5890691
8	2.9035223
1	4.262072
1	4.0886483
1	3.673844
1	3.887161
1	2.801665
1	2.5405238
1	3.943085
2	3.926765
2	3.9843657
2	4.2563434
2	4.231731
2	2.5212762
2	3.7087655
3	3.864906
3	3.903899
3	4.1197333
3	3.8083847
3	4.2337265
3	4.0928063
3	3.762553
3	4.051337
4	4.1434207
4	4.1981835
4	3.82207
4	4.2002983
5	4.026172
5	3.9723473
5	4.0370483
5	3.8908427
5	3.7648156
5	3.9526153
5	4.120318
6	3.9390237
6	4.151255
6	3.9211295
6	3.461738
6	4.106045
6	3.6604245
6	3.474509
6	3.7578912
7	3.9120722
7	4.005759
7	3.8553987
7	4.018592
8	4.0407486
8	3.9281442
8	4.1985197
9	3.2421412
9	3.1633127
9	2.2023141
1	3.8836148
1	3.9566023
1	3.575425
1	3.8075893
1	3.7312315
1	3.8167276
1	3.795657
1	3.9262435
1	4.0415854
1	3.9525516
1	3.199596
1	3.849771
1	4.0549397
1	3.8321009
1	3.8997638
1	4.076261
1	3.8599155
1	3.5279708
1	3.3458738
1	4.0594954
1	4.0589347
1	3.494065
1	4.006296
1	3.502577
1	4.132596
1	3.4010947
1	3.3348806
1	4.1346393
1	3.7478936
1	4.083484
1	3.7398882
1	4.05666
1	3.6950152
1	3.9362214
1	4.0101223
1	4.1739964
1	3.7543793
1	3.428201
1	3.759931
1	4.0412855
1	3.7117815
1	3.8950155
1	3.5599673
1	3.2761967
1	3.1186593
1	2.985295
1	3.399227
1	4.1700716
1	3.9661596
1	4.145361
1	4.2054515
1	4.05071
1	3.7963226
1	3.8729355
1	3.9501235
1	4.291761
1	4.254826
1	3.3392968
1	3.1711833
1	2.8956277
1	3.3979938
2	3.9401562
2	4.1147504
2	4.16089
2	3.892112
2	4.153897
2	4.005626
2	4.2185855
2	3.9249403
2	3.3007736
2	4.1149125
2	3.4124188
2	4.145938
2	4.0953927
2	3.8330333
2	3.8315394
2	3.7643821
2	2.9509416
2	4.1337423
2	4.040532
2	3.9283624
2	4.07717
2	4.01427
2	3.7305267
2	3.9895337
2	3.9993727
2	3.860481
2	3.9776251
2	3.8921545
2	3.541343
2	4.0315685
2	4.172873
2	3.8626192
2	4.1864815
2	4.2070775
2	4.128567
2	3.978418
2	3.9624999
2	4.1410484
2	3.7281158
2	3.8441582
2	4.157458
2	3.6073704
2	3.1329753
2	2.4431083
2	3.186098
2	3.8187835
2	3.9212387
2	2.980231
2	3.918506
2	3.4607794
3	4.05326
3	3.548032
3	3.4157767
3	2.4156365
3	4.0921965
3	3.6841815
3	4.247149
3	3.9241183
3	4.1412945
3	4.128384
3	3.61999
3	3.1359382
3	2.5469477
3	3.8540123
3	3.703759
3	3.718049
3	3.9080608
3	3.8445346
3	4.112282
3	4.0340347
3	4.1811976
3	3.3191168
3	4.0274644
3	3.506683
3	4.192191
3	4.0282927
3	4.1825643
3	3.7102602
3	3.5587456
3	4.229321
3	3.8591158
3	4.1092978
3	3.6057231
3	3.9744086
3	4.1062174
3	3.3565102
3	3.7655637
3	3.965668
3	4.058216
3	3.8001287
3	3.8667283
3	3.789666
4	4.097564
4	3.6427515
4	3.8675535
4	3.883618
4	3.717378
4	3.9158428
4	4.095284
4	3.7094057
4	3.7221959
4	4.046561
4	3.9451854
4	3.9215782
4	2.9192297
4	4.0042424
4	3.90756
4	3.8273284
4	3.928776
4	3.612554
4	3.690037
4	3.432349
4	3.8019032
4	3.989762
4	3.8637507
4	3.9389498
4	4.182784
4	3.9578855
4	4.0627885
4	4.188831
4	3.7276344
4	2.373697
4	2.590136
4	3.3432138
4	3.7951791
4	3.619499
4	4.1216006
4	4.0434303
4	3.9661896
4	3.4302478
4	3.7706857
4	4.1249833
4	3.676657
4	3.5566301
4	3.252999
4	2.5717432
4	3.2833579
4	2.7000782
4	4.0873365
4	3.9313967
4	4.001615
4	3.6836092
4	3.4482238
4	3.49402
4	3.616316
4	3.977652
4	3.8765986
4	3.5849686
5	4.0481687
5	3.9438312
5	3.6598938
5	3.1130803
5	3.2152722
5	3.9689677
5	4.086682
5	3.7465117
5	3.9205778
5	4.0472517
5	4.0471735
5	3.941971
5	4.0160413
5	3.9083629
5	4.0715694
5	4.0218434
5	3.4792855
5	3.5856616
5	3.7316868
5	4.0592775
5	4.0132747
5	3.8416762
5	4.1100554
5	4.0318456
5	3.3486753
5	3.9263587
5	3.7753294
5	4.145988
5	4.0228167
5	4.0026054
5	4.211761
5	3.920919
5	3.8391497
5	4.02904
5	4.027096
5	3.596856
5	4.036285
5	3.6614578
5	3.898736
5	3.9001505
5	3.988825
5	4.0415545
5	3.3734238
5	3.6675014
5	3.7608664
5	3.8340917
5	4.0845227
5	3.9582589
5	3.901221
5	3.5904589
5	4.1039057
5	3.932402
5	4.068335
5	3.9943354
5	3.9455216
5	3.8614151
5	3.9364388
6	4.0764856
6	3.9634364
6	3.0828495
6	2.4215596
6	3.4257138
6	3.2618768
6	3.847521
6	4.140742
6	4.015921
6	4.0694156
6	3.9830914
6	2.3677418
6	3.8546493
6	3.598327
6	2.9950292
6	4.118191
6	3.8758476
6	3.7975
6	4.036899
6	3.963958
6	4.098549
6	3.7820537
6	4.1201468
6	4.037625
6	4.0984573
6	4.0847116
6	3.6931481
6	3.9298632
6	3.869171
6	4.020974
6	3.8878706
6	4.0763626
6	4.077798
6	3.482769
6	3.5696166
6	2.607146
6	3.4080122
6	4.0376406
6	4.125941
6	3.9249313
6	4.145463
6	4.313194
6	3.904363
6	4.216926
6	4.180399
6	4.041114
7	4.1664543
7	3.9732404
7	3.4297278
7	3.1809433
7	3.8642104
7	3.6089623
7	3.3853393
7	2.7858746
7	3.2510972
7	4.0651927
7	4.1095095
7	3.5009263
7	3.8071918
7	3.861032
7	3.9710066
7	3.5468378
7	4.1873264
7	4.1230493
7	2.8776267
7	3.7682838
7	4.2163806
7	3.9127324
7	3.6416843
7	3.9477885
7	4.247728
7	4.1301923
7	3.3444579
7	4.1613536
7	3.9457335
7	1.8275839
7	2.9223752
7	1.7137252
7	4.1333613
7	3.3421204
7	3.5415413
7	4.0023527
7	3.9706948
7	4.2227774
7	3.9807904
7	4.0732594
7	4.212786
7	4.1232643
7	4.1592975
7	4.103229
7	4.0316315
7	4.020031
8	2.7651138
8	3.3490844
8	2.9679606
8	3.8675134
8	3.3745148
8	4.0809546
8	4.210972
8	3.89626
8	2.754493
8	3.011706
8	2.7364502
8	3.8735163
8	4.13023
8	3.9401853
8	2.8171108
8	2.8817537
8	2.2394779
8	3.8645442
8	3.9156075
8	3.6185088
8	2.6778843
8	3.1007473
8	3.3993196
8	2.731811
8	1.7321638
8	3.9558268
8	3.8983498
8	3.5992553
8	3.704663
8	3.772741
8	3.3883584
8	3.9578087
8	3.7378232
8	4.1232953
8	4.0947785
8	3.7922423
8	3.6738245
8	3.705168
8	4.2548823
8	4.205206
8	3.6822832
8	3.4850533
8	3.4587362
8	4.164557
8	3.861397
8	4.2213445
8	4.073603
8	4.120254
9	3.6031396
9	3.356169
9	4.1175904
9	4.0081487
9	3.7927701
9	3.9716783
9	4.0099974
9	4.1050997
9	4.1765857
9	3.27629
9	3.5974286
9	3.64247
9	3.8151135
9	3.6930087
9	4.152292
9	4.0974517
9	3.8011863
9	4.052996
9	3.850497
9	4.2596693
9	4.1371107
9	4.117059
9	4.1331925
9	4.0058994
9	3.878757
9	3.4335434
9	4.0132556
9	3.8634284
9	4.081845
9	4.2502656
9	3.5201719
9	3.99415
9	4.0236
9	3.6413937
9	3.4042747
9	3.1564634
9	3.104677
9	3.4579074
9	3.9778702
9	4.0540066
9	4.0726585
9	3.5416226
9	3.7470224
9	3.6859815
9	3.9059668
9	3.9236705
9	2.6549063
9	2.8195536
9	3.9942205
9	3.3355348
9	3.4828105
1	4.050802
1	3.3409843
1	3.6659157
1	3.5369608
1	3.790532
1	3.846493
1	3.8909767
1	4.046618
1	4.149793
1	3.6425602
1	4.2059464
1	3.8801286
1	4.1180515
1	3.4906063
1	3.6825137
1	3.9024212
1	4.08572
1	3.5914044
1	3.9922774
1	3.8893046
1	3.671062
1	4.0505476
1	3.7076452
1	3.760737
1	3.1989267
1	4.0959253
1	4.180816
1	4.166196
1	3.8900988
1	4.04169
1	4.1032896
1	4.149097
1	4.1592135
1	4.085661
1	4.2045007
1	4.170345
1	4.0169015
1	4.045933
1	3.9305243
1	3.7593732
1	3.9793756
1	4.1975274
1	4.163057
1	4.0085077
1	4.0507555
1	2.903202
1	2.4003382
1	3.5934741
1	3.850155
1	2.9470837
1	3.9337208
1	2.1276464
1	1.5690452
1	2.0853884
1	4.119564
1	4.043977
1	3.9597814
1	4.0573473
1	3.9286973
1	3.7529705
1	4.133779
1	4.171166
1	4.166042
1	3.7254255
1	4.138365
1	3.0423658
1	3.5276158
1	4.1012387
1	3.9875216
1	1.6010314
1	1.284655
1	1.5574814
1	3.3762074
1	3.9985576
1	3.6301353
1	4.034017
1	3.8091114
1	4.0757017
1	3.8067803
1	4.2039576
1	3.9894857
1	3.8657625
1	4.0904484
1	4.1047387
1	3.6034563
1	4.1156926
1	3.7680047
1	4.090651
1	3.567029
1	1.4942191
1	1.4178042
1	4.080243
1	4.010919
1	3.7905877
1	3.812267
1	3.5008166
1	3.9981863
1	4.0335975
1	3.923405
1	3.215949
1	4.0434113
1	3.8838408
1	3.8428924
1	3.308434
1	3.7384794
1	3.9565587
1	3.684486
1	4.0416265
1	3.9940362
1	4.103018
1	4.0754304
1	3.4935615
1	3.97795
1	2.9255912
1	3.6841733
1	3.856103
1	3.8073943
1	3.8512213
1	3.9117484
1	3.717243
1	3.4195466
1	2.8881104
1	3.9718015
1	3.6436803
1	3.9400914
1	3.9254897
1	3.8851922
1	3.9094121
1	3.2606814
1	4.1131477
1	3.9638426
1	4.1041546
1	3.682288
1	3.4927144
1	3.9672015
1	3.2362735
1	3.806815
1	3.5346334
1	1.5654608
1	2.899433
1	2.289027
1	2.8368833
1	3.7663777
1	2.771178
1	3.9449065
1	3.9617207
1	3.4630992
1	3.5061104
1	4.092731
1	4.0775456
1	2.6444972
1	2.996575
1	2.8134632
1	4.00211
1	3.2564964
1	3.1808417
1	4.0599833
1	3.9827864
1	4.012388
1	3.538959
1	4.1353397
1	3.8666234
1	3.407283
1	3.9343903
1	2.5729547
1	4.0168285
1	4.1935635
1	2.3424685
1	3.5454853
1	4.080496
1	4.0958056
1	4.0330935
1	3.8916419
1	4.0291967
1	3.9300764
1	3.9694383
1	3.5300539
1	3.770437
1	3.0094478
1	4.054078
1	4.046422
1	3.978169
1	4.180798
1	4.0791926
1	3.9599974
1	4.061075
1	3.7757962
1	4.0375075
1	4.0623097
1	4.0356216
1	4.1768613
1	4.2196755
1	3.9609687
1	3.8274734
1	4.171452
1	3.755429
1	3.7677143
1	3.6612854
1	1.6397201
1	1.5836053
1	1.5756024
1	2.9336812
1	3.7469761
1	2.3423073
1	2.9894903
1	3.768388
1	3.0487664
1	3.087038
1	3.3028564
1	3.9312608
1	3.7502818
1	3.8384004
1	3.6892788
1	3.232536
1	3.7632968
1	4.05257
1	1.7326052
1	1.6874746
1	1.7825975
1	4.0105395
1	3.9600482
1	4.0530915
1	3.324653
1	3.9462392
1	3.287777
1	3.4848394
1	2.9747188
1	3.9242284
1	3.266764
1	3.6635044
1	3.9307802
1	3.346165
1	3.8042603
1	2.6220286
1	3.769059
1	3.6591365
1	2.9162683
1	3.7379298
1	3.5930274
1	2.4606862
1	4.2495303
1	3.903072
1	3.4410262
1	4.082817
1	4.056968
1	4.008915
1	3.768322
1	3.2861598
1	2.9896467
1	3.2325373
1	3.7166662
1	4.0774994
1	3.3506863
1	4.018034
1	3.4627693
1	3.7811878
1	3.6043594
1	2.6794662
1	1.726472
1	4.0790534
1	2.420597
1	3.8730953
1	3.9706814
1	4.1119623
1	3.9778614
1	3.8777223
1	4.003629
1	3.594063
1	2.905397
1	4.1016984
1	3.9957333
1	4.172548
1	3.9095755
1	4.0758743
1	4.0696397
1	3.721598
1	3.6543982
1	4.090646
1	3.5846865
1	3.2086003
1	2.751056
1	3.198644
1	3.197717
1	3.77794
1	3.8967407
1	3.3677764
1	4.000063
1	3.3232348
1	3.8342335
1	4.0697618
1	3.8527067
1	3.5808074
1	3.7871466
1	3.9159377
1	4.10276
1	4.133738
1	3.6071365
1	4.0827217
1	2.8352478
1	3.9974768
1	4.0880556
1	2.7949123
1	3.4198372
1	3.9268157
1	4.0470557
1	4.135432
1	2.738839
1	4.1872253
1	4.063051
1	4.1348743
1	4.0342836
1	3.9875653
1	3.4638233
1	4.1472015
1	3.3090565
1	3.22495
1	3.3848064
1	3.82714
1	4.1610866
1	4.033664
1	3.6319988
1	4.015815
1	3.7414367
1	4.1472163
1	3.9825366
1	4.0163765
1	3.9996002
1	3.2837913
1	4.0537004
1	4.2391777
1	1.3372214
1	1.5875299
1	3.7934506
1	3.342201
1	3.7155373
1	3.843489
1	3.666468
1	4.035552
1	3.992913
1	3.6556528
1	4.0201707
1	3.7007031
1	4.164676
1	4.000277
1	4.2356715
1	4.140339
1	4.213581
1	3.479215
1	2.9179776
1	3.294196
1	4.086346
1	3.849673
1	4.1756363
1	4.1751647
1	4.0119066
1	4.1049023
1	4.0583434
1	4.1162934
1	3.9913208
1	3.7074316
1	3.8199065
1	3.3597918
1	2.438256
1	4.0979238
1	3.9228253
1	4.1324983
1	4.0740786
1	4.010513
1	3.1471
1	3.8701236
1	4.224501
1	3.6946547
1	3.9784045
1	4.0976624
1	4.078178
1	4.0073533
1	4.1711907
1	4.139567
1	3.5871887
1	3.639389
1	4.164856
1	3.9268148
1	3.7630813
1	4.19266
1	4.076658
1	4.2078576
1	3.6590953
1	4.1566677
1	3.6628878
1	4.058096
1	3.9465623
1	3.7585108
1	3.3731842
1	4.134623
1	4.150331
1	3.92292
1	3.0285156
1	3.0113006
1	4.089676
1	3.378265
1	2.575015
1	2.802498
1	3.5968902
1	3.9761167
1	4.263867
1	3.9299152
1	3.9012806
1	3.5041037
1	3.6619308
1	3.9691412
1	3.7306335
1	3.6925595
1	3.2759266
1	3.6648114
1	3.9008152
1	2.483662
1	4.1675105
1	4.0726237
1	3.8302844
1	4.1840296
1	3.938711
1	4.125484
1	4.14454
1	4.192856
1	3.9901087
1	4.2166886
1	3.2041793
1	2.2913666
1	3.6322753
1	3.165209
1	3.9599044
1	2.3131955
1	4.038614
1	4.0917926
1	4.07793
1	4.178497
1	3.9127553
1	3.4545949
1	3.9338982
1	3.8653026
1	3.7654438
1	3.7820897
1	3.943929
1	3.883202
1	4.100909
1	4.1026564
1	3.916723
1	3.4301708
1	4.142061
1	3.5106962
1	3.962501
1	4.0431337
1	3.4074316
1	3.8288276
1	4.1607585
1	3.91704
1	3.6453292
1	3.2706907
1	1.7956804
1	1.9742209
1	1.8630029
1	2.8195238
1	3.5789194
1	2.7814484
1	1.9357088
1	3.1155303
1	1.903675
1	2.475774
1	3.943476
1	4.0207615
1	4.0458674
1	4.0782666
1	3.8796968
1	3.3623126
1	1.4172009
1	2.7910988
1	3.0146725
1	3.4078133
1	1.681357
1	3.8448594
1	3.947503
1	1.6083543
1	4.0012493
1	3.9833462
1	3.8406045
1	3.7032807
1	4.0412135
1	4.0204916
1	3.9059262
1	2.4268463
1	0.96701074
1	2.281758
1	2.6250846
1	4.1017365
1	2.5370517
1	3.2801616
1	2.7582574
1	4.178296
1	4.217274
1	4.187193
1	3.842623
1	4.0123935
1	2.1792982
1	2.0956583
1	2.0960145
1	2.7684214
1	4.0751925
1	4.0340853
1	4.0509133
1	3.63492
2	4.0585427
2	4.0944824
2	3.957045
2	3.5427396
2	3.648402
2	3.373278
2	3.8212585
2	3.6762335
2	4.1865964
2	4.0909014
2	3.896477
2	4.0232744
2	3.9034984
2	4.0718737
2	4.096806
2	4.0261555
2	4.233956
2	4.144969
2	3.826574
2	4.004129
2	3.7213752
2	3.9098835
2	4.1118555
2	3.6827843
2	3.6736286
2	3.7827973
2	4.072692
2	4.093817
2	2.6886396
2	3.82251
2	3.547755
2	4.125736
2	3.0779796
2	4.2150187
2	4.0617414
2	1.4761305
2	3.3598542
2	4.153443
2	4.1869884
2	3.574211
2	2.6921327
2	2.215018
2	4.246552
2	4.2507277
2	4.335524
2	4.1635056
2	4.1154466
2	3.5703957
2	4.0976224
2	3.7040372
2	4.0648165
2	3.7899454
2	4.088842
2	3.728
2	3.363087
2	3.7294242
2	3.829265
2	4.027886
2	4.009539
2	3.9264886
2	3.884405
2	4.1486106
2	3.8909242
2	3.89336
2	3.2537801
2	3.668298
2	3.8967772
2	3.5771163
2	4.0394464
2	4.0115986
2	3.6081808
2	4.0646806
2	4.0578036
2	3.9646733
2	4.2502937
2	4.00475
2	3.8808362
2	4.001483
2	3.9659774
2	2.85193
2	3.526071
2	3.55709
2	3.2625487
2	3.1758592
2	2.614714
2	4.0234203
2	3.1259315
2	3.8371043
2	4.0352073
2	4.279839
2	4.217973
2	3.684861
2	3.9855096
2	4.179752
2	4.001092
2	4.0723376
2	4.0413933
2	4.208566
2	3.4863596
2	3.814962
2	4.0833554
2	4.145943
2	3.6140068
2	3.8711917
2	4.100295
2	4.182401
2	3.9719646
2	4.2138467
2	3.9181035
2	3.6864164
2	4.1625347
2	4.0002947
2	3.5731616
2	3.6905236
2	3.9581451
2	3.8820417
2	3.936715
2	3.9173906
2	3.3938076
2	2.7871926
2	3.9908097
2	3.9361432
2	4.0481777
2	3.9737198
2	3.9449604
2	3.9649875
2	4.2006817
2	3.912401
2	4.069353
2	3.862734
2	4.0511894
2	3.7051108
2	3.8950074
2	4.0290504
2	4.0546103
2	3.9293983
2	4.0512004
2	3.947478
2	4.1055865
2	4.1547856
2	4.0410724
2	3.776592
2	4.1593575
2	3.9951262
2	4.067132
2	4.102734
2	4.114969
2	3.6827507
2	4.031941
2	4.0631003
2	4.0835986
2	4.0804157
2	3.760443
2	3.6463273
2	3.946996
2	2.8251228
2	3.1617568
2	3.2398622
2	3.2894073
2	4.2306314
2	3.6930187
2	4.1471653
2	4.012829
2	3.8709292
2	4.120754
2	3.1588104
2	4.0910916
2	4.075252
2	4.0829268
2	3.9051216
2	3.463308
2	3.9794064
2	4.138914
2	4.064729
2	4.071508
2	3.6531963
2	4.1550126
2	4.175118
2	4.0529294
2	3.9386656
2	4.0304503
2	3.9259207
2	4.0254035
2	4.0131445
2	2.5756962
2	4.056023
2	4.0363703
2	4.0018272
2	4.142011
2	4.1041303
2	3.9340198
2	3.2406645
2	3.7754815
2	3.9962652
2	2.6990979
2	3.992317
2	3.935695
2	3.6016407
2	3.784901
2	4.033273
2	4.0880785
2	3.7111294
2	4.1450043
2	1.8090005
2	4.0612946
2	3.8039415
2	3.896716
2	3.8361914
2	3.727977
2	3.9804194
2	3.8834226
2	3.607309
2	3.346762
2	4.137096
2	4.107058
2	3.98881
2	3.9972723
2	3.5688782
2	3.913496
2	4.0241475
2	3.9495935
2	3.8301966
2	3.906025
2	3.8823178
2	2.1833355
2	4.229028
2	3.9016056
2	3.7621267
2	3.8330462
2	3.3599608
2	2.4741518
2	3.2453635
2	3.602724
2	3.3381562
2	2.3119483
2	3.441682
2	4.059267
2	3.5369666
2	2.4223807
2	3.569906
2	2.7153842
2	3.7104383
2	4.0557566
2	3.850225
2	3.924035
2	4.029926
2	4.0087924
2	4.171935
2	3.976324
2	4.0229506
2	3.879923
2	3.7768288
2	4.0008698
2	4.168571
2	3.6080527
2	4.1584587
2	3.708199
2	4.1468763
2	4.1959715
2	4.063731
2	3.6847153
2	3.813069
2	3.7559495
2	3.6763885
2	4.0946026
2	3.592438
2	4.063393
2	3.5767329
2	3.615567
2	3.9652238
2	3.0332026
2	3.797794
2	4.0016127
2	4.0543947
2	3.6864665
2	2.474575
2	3.7534657
2	4.1023974
2	3.63854
2	4.0194793
2	4.263844
2	3.9497733
2	4.1056156
2	4.1687884
2	4.0885983
2	3.6589768
2	4.040812
2	3.881201
2	3.992809
2	3.8305683
2	3.6956174
2	3.9598844
2	4.0907125
2	3.8408182
2	4.21067
2	4.027378
2	4.083623
2	4.0881143
2	3.8229225
2	3.756337
2	4.0454235
2	4.1147666
2	3.1932003
2	3.6895554
2	4.0362062
2	3.9380536
2	3.8311195
2	3.867253
2	3.827736
2	3.8921816
2	1.9086787
2	3.7933247
2	3.5173938
2	4.0372853
2	3.779577
2	4.076807
2	3.726431
2	3.8537734
2	3.3574772
2	3.8597515
2	4.064835
2	2.7252202
2	2.8033075
2	3.4070237
2	3.9904928
2	4.078636
2	4.1281924
2	4.0598955
2	4.10081
2	3.9168437
2	3.5516856
2	3.8165877
2	2.7916553
2	3.6756015
2	3.8373144
2	4.0057344
2	3.125418
2	4.128822
2	3.7222567
2	4.0315366
2	4.1149893
2	4.080982
2	4.157356
2	3.4565775
2	4.2184224
2	3.9907086
2	4.108194
2	3.6894066
2	3.512119
2	1.6288816
2	1.4774806
2	2.2483628
2	4.0079494
2	4.046678
2	3.8861349
2	3.9796474
2	4.116918
2	3.826519
2	3.7204316
2	4.3124437
2	3.1248724
2	3.6501193
2	4.2399683
2	3.7814183
2	3.8804243
2	3.8459735
2	3.2441485
2	3.2795322
2	4.0789747
2	3.9788253
2	4.162003
2	4.1595693
2	4.023421
2	4.219832
2	3.9156969
2	4.0602136
2	3.7589633
2	3.7471173
2	3.0222478
2	4.162912
2	4.0879064
2	3.456728
2	3.6920297
2	4.1092544
2	3.7251124
2	3.8586628
2	4.0376134
2	3.7252324
2	4.0985465
2	4.048803
2	4.196888
2	4.016504
2	3.6228817
2	3.562561
2	3.8585644
2	3.727184
2	4.128655
2	3.936627
2	3.6750824
2	3.9221876
2	3.8733943
2	3.831229
2	4.09229
2	1.8383113
2	3.5477312
2	3.6392758
2	3.8612747
2	3.5151095
2	3.4305723
2	3.7156732
2	4.175779
2	4.016719
2	2.1930482
2	4.0105066
2	2.6605904
2	3.707644
2	3.9674919
2	3.430957
2	3.758859
2	3.811503
2	4.028603
2	3.761199
2	3.0890515
2	3.962313
2	4.2184734
2	4.1153336
2	3.2611914
2	4.0738916
2	3.9082024
2	3.3664603
2	3.7118502
2	3.774421
2	4.125406
2	3.9348032
2	3.7514746
2	3.6308143
2	4.0868926
2	3.9178658
2	4.017965
2	3.9874885
2	4.117743
2	4.048701
2	4.097806
2	3.8235986
2	4.048621
2	3.8426116
2	4.1116815
2	3.9278488
2	4.068809
2	3.6397831
2	3.6884148
2	3.8492842
2	2.9457548
2	2.8817904
2	2.681001
2	2.7388906
2	3.9975226
2	4.0567136
2	4.1739464
2	4.093393
2	4.0600057
2	3.619233
2	4.0913415
2	4.1054235
2	4.1901813
2	3.987953
2	2.3652604
2	2.160116
2	3.7168741
2	3.536923
3	4.0142503
3	4.2544975
3	4.0989842
3	3.935096
3	4.0616574
3	3.441778
3	3.854047
3	3.535681
3	4.0448685
3	3.7600834
3	4.052622
3	2.1870914
3	4.2071204
3	4.1879487
3	4.052789
3	3.9610627
3	3.798821
3	3.6558354
3	3.640927
3	3.973241
3	4.076744
3	4.0902042
3	4.162924
3	3.9623942
3	4.1460614
3	3.9851668
3	4.1173315
3	3.9903429
3	3.6812499
3	4.0320363
3	3.921209
3	3.2945602
3	3.9804766
3	3.3975632
3	3.9756188
3	4.0216074
3	4.0213385
3	2.247515
3	2.0197947
3	1.8574684
3	4.132819
3	3.9531412
3	3.8407366
3	3.7417567
3	3.8406641
3	3.869684
3	4.0607195
3	3.9318411
3	3.9301882
3	4.1720624
3	3.064122
3	3.86898
3	4.088238
3	2.2809727
3	4.000745
3	3.9846442
3	2.7705467
3	3.5660615
3	4.034632
3	4.039285
3	4.0604863
3	3.3451207
3	3.9496129
3	4.1391473
3	3.6170611
3	3.8582864
3	3.617974
3	3.8583658
3	3.6686075
3	3.760134
3	3.7477624
3	3.790667
3	3.8779752
3	4.0173707
3	3.581339
3	3.5947404
3	3.8956373
3	3.9860215
3	3.9001362
3	4.108623
3	4.1431727
3	4.2450385
3	3.9841454
3	3.9615102
3	3.904081
3	3.2222226
3	3.0795653
3	3.1486151
3	4.101002
3	3.7814248
3	3.823792
3	4.137125
3	3.0172906
3	2.546718
3	4.0919056
3	3.5376644
3	3.641146
3	3.4452822
3	4.1522593
3	3.2727158
3	4.083827
3	3.8647335
3	3.9128747
3	4.179753
3	4.1103373
3	4.0422573
3	3.9962764
3	4.052548
3	3.8438783
3	4.0446534
3	3.5164351
3	3.9909256
3	4.018995
3	4.010023
3	3.8325477
3	4.07177
3	4.009901
3	4.014534
3	3.7592497
3	4.0829735
3	4.015091
3	3.765518
3	4.058974
3	3.9720364
3	4.211002
3	4.0192623
3	3.9499109
3	4.206984
3	3.8257241
3	4.149099
3	4.075822
3	4.1319423
3	3.9497435
3	3.2783844
3	4.024131
3	3.134925
3	3.3901494
3	3.6956604
3	4.086484
3	4.13291
3	3.7656176
3	3.4169548
3	3.8386958
3	2.9126508
3	4.0366297
3	3.7488134
3	4.1358476
3	3.082535
3	4.1107717
3	3.585284
3	4.0444465
3	3.6784742
3	4.1143823
3	4.0999374
3	4.073905
3	4.0879984
3	3.3954823
3	4.000236
3	3.923854
3	3.9763665
3	3.8359697
3	4.1645703
3	2.7275279
3	4.092779
3	3.4950426
3	3.6525855
3	2.7419126
3	3.7777739
3	3.8395305
3	3.8911645
3	2.2407992
3	3.6137867
3	3.6324508
3	3.0242636
3	3.7800038
3	2.8643994
3	4.024215
3	3.41971
3	3.84186
3	3.8772218
3	3.503684
3	3.071133
3	3.3259845
3	3.3867428
3	3.6520667
3	4.213015
3	4.016748
3	2.6678317
3	3.8964026
3	3.758983
3	4.0657806
3	3.7986093
3	2.7056637
3	4.0086126
3	4.2141666
3	3.5388935
3	1.8844286
3	3.4177105
3	4.0664396
3	4.038746
3	3.334385
3	3.9488947
3	3.6985438
3	3.6997404
3	3.1036837
3	3.6608007
3	4.0920486
3	4.086303
3	4.06489
3	4.0061574
3	4.162671
3	4.0658803
3	4.062923
3	3.9988272
3	4.0121613
3	4.147549
3	4.082567
3	4.263763
3	4.267898
3	4.164292
3	4.0358195
3	4.176805
3	3.9408844
3	3.6643922
3	3.494434
3	3.647815
3	3.4875846
3	3.6585882
3	1.6785783
3	3.7850974
3	4.220449
3	3.796491
3	3.8020566
3	3.6421854
3	4.173487
3	3.1556814
3	3.6146758
3	3.7763498
3	3.8083827
3	3.8349679
3	4.0077806
3	3.9541419
3	3.6153736
3	3.8361022
3	4.1112766
3	3.9028583
3	2.2450736
3	3.0455194
3	2.8673089
3	2.774103
3	1.99129
3	3.0420403
3	3.5349195
3	3.5489984
3	3.7879584
3	4.0979967
3	3.9536302
3	3.1759381
3	3.8676572
3	4.100384
3	3.9838567
3	3.829831
3	3.6885796
3	3.6399586
3	3.6748683
3	3.9924252
3	3.940259
3	3.971174
3	2.9301426
3	3.4577243
3	3.5006843
3	2.8532827
3	4.104009
3	3.9376204
3	3.6121688
3	3.3791454
3	1.5995456
3	3.5198653
3	4.1996098
3	3.983253
3	2.4106643
3	2.3554285
3	2.8365018
3	4.2175336
3	4.184378
3	3.7730443
3	4.165481
3	2.9998004
3	3.3225937
3	4.180183
3	3.9344566
3	3.9042406
3	3.5674753
3	3.005563
3	4.096095
3	3.8048813
3	4.109269
3	4.034982
3	3.8848298
3	2.554901
3	3.7447457
3	4.105364
3	3.7666895
3	3.6321013
3	3.190777
3	3.5895662
3	2.9141192
3	3.5756443
3	2.3574007
3	3.7466114
3	3.168429
3	4.0150046
3	3.6050873
3	4.097791
3	4.125133
3	3.6880257
3	3.6980338
3	4.0337873
3	4.0305014
3	4.0492177
3	3.7557588
3	3.9470646
3	3.9830163
3	4.05881
3	3.317221
3	4.1521506
3	3.7359614
3	3.5141754
3	3.5881517
3	3.6120546
3	3.9669702
3	3.7060192
3	3.6686563
3	3.8423092
3	3.734255
3	3.9235048
3	3.2708616
3	4.075721
3	4.022016
3	4.0696507
3	3.7018025
3	4.093493
3	2.6424239
3	3.9898412
3	3.778712
3	3.236482
3	3.688634
3	2.2126873
3	4.0043197
3	2.8201253
3	4.074394
3	3.997119
3	2.6865118
3	4.1023192
3	4.0985303
3	3.8194861
3	3.8107102
3	3.9418445
3	4.0205173
3	3.2851946
3	4.0626454
3	3.9442842
3	3.8988974
3	4.1404185
3	3.8086724
3	3.7225592
3	3.8566575
3	3.6135485
3	3.7120345
3	4.189999
3	4.1414533
3	3.9663599
3	4.117257
3	4.172503
3	4.2049184
3	4.128162
3	4.132768
3	3.6391976
3	4.0063953
3	3.6543546
3	4.0555835
3	3.9051292
3	3.9193141
3	4.0318103
3	4.074653
3	4.1459746
3	3.1710758
3	3.8579037
3	3.6223543
3	3.8322656
3	1.9877523
3	1.938019
3	3.593638
3	2.676814
3	2.6246164
3	3.9962623
3	3.4450784
3	2.8066006
3	3.3668747
3	3.6974752
3	3.6690984
3	4.0308747
3	4.0119767
3	4.026122
3	4.12269
3	2.8018398
3	3.5804222
3	3.9973598
3	3.786904
3	4.0701017
3	3.6413486
3	3.9283884
3	3.9226189
3	3.4414666
3	3.6721284
3	2.9246042
3	3.8477328
3	3.8101077
3	4.1166863
3	4.1151853
3	3.6663644
3	4.09388
3	4.1851096
3	4.197638
3	4.0998
3	4.175554
3	3.3758402
3	4.123221
3	4.1083274
3	3.706717
3	3.0467618
3	4.0067725
3	3.970484
3	3.8115418
3	4.077445
3	3.7286317
3	4.0010724
3	3.5066411
3	3.3502574
3	2.6245606
3	3.4612706
3	3.4588623
3	3.4726493
3	3.591129
3	3.4503982
3	2.8555336
3	2.8532796
3	1.9239331
3	4.141154
3	4.1546626
3	3.9731517
3	3.9955304
3	3.9279537
3	3.8619838
3	4.1790857
3	3.6986687
3	4.075468
3	3.6477854
3	3.6577537
3	3.2368085
3	2.6985466
3	3.020434
3	3.9782379
3	3.942106
3	4.1567397
3	4.0506
3	4.1485715
3	4.1677737
3	4.176789
3	4.2065606
3	2.7617958
3	4.189176
3	4.214262
3	3.9542596
3	3.8884523
3	4.0274353
3	3.7635934
3	3.3259916
3	3.3525283
3	4.0872955
3	4.0138783
3	3.8872366
3	3.2230582
3	3.04028
3	3.6757212
3	2.7381053
3	3.9343565
3	4.0492706
3	3.8535044
3	3.8457243
3	2.5470269
4	4.172604
4	3.878485
4	3.8766139
4	3.4038608
4	4.077441
4	3.9851415
4	3.9616134
4	3.7666352
4	3.9493597
4	3.6595423
4	3.9870555
4	3.9988792
4	3.8257542
4	3.6908123
4	3.60214
4	3.8716404
4	3.601886
4	3.0904408
4	3.2617695
4	3.2614655
4	3.0990994
4	3.5102317
4	3.9036381
4	4.0345883
4	2.5944502
4	3.9806097
4	3.6825979
4	3.6782858
4	3.0251544
4	4.0270076
4	3.8134916
4	3.8185637
4	3.572413
4	3.9054444
4	4.080834
4	3.9795272
4	4.04625
4	4.105476
4	3.6803815
4	3.8409026
4	3.5762637
4	3.9634988
4	2.6436267
4	3.4961565
4	3.6851587
4	4.0800242
4	3.641212
4	3.9962974
4	3.7787788
4	4.14146
4	3.945553
4	4.1939816
4	3.6492102
4	4.16699
4	3.9853954
4	3.8593137
4	2.3476412
4	3.7977781
4	3.9783509
4	3.957497
4	3.6890435
4	3.9551146
4	4.0967646
4	3.8422139
4	2.5406778
4	3.0486875
4	3.1949213
4	3.2477224
4	3.444856
4	4.021139
4	3.3135037
4	4.1082206
4	4.0037136
4	3.861746
4	3.7466013
4	3.9238322
4	3.9439356
4	3.721217
4	3.9888208
4	3.2548664
4	3.8978884
4	4.048597
4	4.073916
4	3.9647057
4	4.222793
4	4.048599
4	3.7536526
4	3.4148767
4	3.563055
4	2.3600857
4	2.9331834
4	4.0669293
4	4.091106
4	3.9974074
4	4.0614696
4	3.827618
4	4.1355634
4	3.6148303
4	3.9802916
4	3.1985004
4	3.9176986
4	3.639311
4	3.7816129
4	4.075448
4	3.141505
4	3.8143542
4	4.0318704
4	3.7741559
4	2.6438725
4	1.912376
4	4.202736
4	4.0162587
4	4.0075097
4	3.9261613
4	3.7103484
4	3.918026
4	4.2628803
4	3.2830086
4	3.98016
4	4.147935
4	2.5093358
4	3.0097291
4	3.7743893
4	2.4483058
4	3.943153
4	3.7512786
4	3.5338838
4	3.4891322
4	3.8387487
4	3.9433463
4	3.1853921
4	3.8775923
4	3.8774817
4	4.0983458
4	3.3275287
4	3.4327276
4	3.549254
4	3.9984918
4	3.5616806
4	3.9086416
4	2.6578605
4	2.637799
4	2.9280636
4	1.4519767
4	4.095892
4	4.0254917
4	3.9709969
4	3.8378313
4	3.705063
4	3.639081
4	3.8374636
4	3.6966374
4	3.331566
4	3.7468116
4	3.5116718
4	2.8764668
4	1.8108746
4	3.69431
4	3.9004247
4	3.6162994
4	3.772292
4	1.836456
4	1.7800032
4	2.0496368
4	3.3587797
4	3.5069678
4	3.842203
4	2.9716747
4	3.6367126
4	4.1003623
4	3.6918964
4	3.9365325
4	4.034843
4	3.423238
4	3.9194767
4	4.0816483
4	4.173265
4	3.994809
4	3.8916833
4	4.117713
4	4.150687
4	3.9739568
4	4.0184903
4	3.7413533
4	4.027643
4	4.0749416
4	2.80113
4	3.7512877
4	4.1952257
4	4.0966835
4	3.174948
4	4.06234
4	3.6814024
4	3.2527978
4	3.6539786
4	4.0034413
4	3.7455688
4	3.7288682
4	3.807319
4	3.7194602
4	3.9254572
4	3.8273208
4	3.817776
4	3.3223512
4	2.3946698
4	1.1768016
4	3.2839906
4	3.8147943
4	4.037501
4	3.2379112
4	3.7722967
4	3.7638676
4	3.846203
4	4.0558515
4	3.956721
4	3.5985882
4	4.0314903
4	3.7597659
4	3.7170851
4	4.0128756
4	3.3146875
4	3.7104924
4	3.9539173
4	4.116981
4	3.9169624
4	3.6030061
4	3.513469
4	2.950155
4	4.0155597
4	4.0108395
4	3.705882
4	2.087101
4	1.7701339
4	2.0015626
4	3.8027153
4	3.571573
4	3.876623
4	3.9096658
4	3.6958466
4	3.5422025
4	3.9700487
4	3.920531
4	3.4685729
4	3.827439
4	3.7171755
4	3.5047867
4	3.7169065
4	3.9881542
4	3.5554159
4	3.788096
4	4.1947846
4	3.324673
4	3.1424103
4	2.6059175
4	2.630973
4	3.9733145
4	3.0933154
4	3.961501
4	3.745444
4	4.146913
4	4.1310277
4	4.025394
4	3.8217795
4	4.156613
4	3.571434
4	4.047687
4	3.9438026
4	3.9644082
4	2.4797854
4	3.9879978
4	2.889515
4	2.433307
4	3.5583518
4	3.5197623
4	3.997679
4	3.5872133
4	3.9450276
4	2.6359837
4	3.9080756
4	3.8554351
4	4.0574384
4	3.9087856
4	3.1421592
4	3.4417856
4	3.9904225
4	3.8557227
4	3.7196703
4	4.1710396
4	3.9646997
4	3.3522494
4	3.883858
4	4.0826483
4	3.6727214
4	4.063458
4	4.130506
4	4.0963464
4	4.2719584
4	3.240466
4	3.2412875
4	3.6729238
4	3.8918731
4	4.1158285
4	4.1842623
4	3.6234882
4	3.8632214
4	4.025113
4	4.0190034
4	3.7384565
4	3.465076
4	3.402859
4	1.9996017
4	2.6643627
4	3.9660747
4	3.9610085
4	3.562988
4	3.6567612
4	3.5118744
4	3.8285182
4	3.8624997
4	3.8987215
4	3.7882185
4	1.3725579
4	1.9556627
4	4.0916505
4	3.6822145
4	3.7874262
4	3.9510262
4	3.9576385
4	3.8292172
4	4.068705
4	3.5728457
4	3.7775638
4	4.0522666
4	4.132151
4	3.7534482
4	3.778775
4	4.096964
4	3.8782506
4	3.690159
4	3.9223602
4	4.150747
4	3.7578025
4	3.8190858
4	3.9109693
4	3.6094837
4	3.9854014
4	3.1561463
4	4.1474648
4	3.6630125
4	2.4587429
4	3.1627226
4	2.682223
4	3.519994
4	3.8618152
4	3.3175476
4	3.9295433
4	4.010773
4	3.7553585
4	4.1694846
4	3.9900863
4	3.829954
4	3.7500165
4	2.9872305
4	4.070313
4	3.708822
4	4.087411
4	4.1255226
4	1.9107006
4	3.9339726
4	3.518641
4	4.1414905
4	4.127463
4	2.5994375
4	3.0062897
4	2.705784
4	4.1104717
4	4.053874
4	4.168745
4	4.204549
4	4.1520495
4	3.6754978
4	4.1633763
4	3.7761772
4	3.8843877
4	2.086065
4	2.3766367
4	1.534458
4	4.158936
4	4.169641
4	2.774635
4	3.818911
4	3.6773574
4	4.06024
4	3.3173327
4	4.0488796
4	2.2957468
4	3.0111194
4	3.8507655
4	3.0637145
4	3.7926538
4	1.8930131
4	2.6548386
4	2.91602
4	2.982453
4	3.9998806
4	3.8865478
4	3.4073718
4	3.4821208
4	1.9301358
4	2.2262216
4	2.1345847
4	3.728444
4	4.010136
4	4.140882
4	4.022533
4	3.6346242
4	4.268787
4	4.1979356
4	3.945049
4	3.9102829
4	2.834096
4	1.5901333
4	3.0113084
4	1.8577126
4	3.872122
4	3.5927832
4	3.1551855
4	2.96092
4	3.408982
4	2.455157
4	2.5150864
4	3.4662015
4	3.5689452
4	3.3864243
4	2.6122162
4	4.0308228
4	3.8896978
4	4.064369
4	3.9705343
4	3.9707904
4	4.07298
4	3.918174
4	4.0199566
4	3.7644813
4	3.7211792
4	3.713864
4	3.7688954
4	4.0386076
4	3.3743231
4	4.2967067
4	3.8214545
4	3.3088908
4	2.9883673
4	2.926738
4	4.2243247
4	4.212799
4	3.1825223
4	2.5981958
4	2.2905235
4	4.032113
4	2.4392755
4	1.9784803
4	2.990843
4	3.9044058
4	3.987805
4	3.8195388
4	4.1176176
5	3.925067
5	3.6743467
5	4.154797
5	4.0143075
5	3.9022982
5	3.365925
5	3.8771725
5	3.9836822
5	4.0480986
5	3.9099963
5	3.990057
5	3.726111
5	3.4101737
5	3.9338748
5	3.8418138
5	3.8742678
5	4.128961
5	3.849892
5	4.2174554
5	3.7115428
5	2.0044184
5	2.4130218
5	4.1480308
5	4.107746
5	4.1619315
5	3.9574354
5	4.1068244
5	4.12147
5	4.112741
5	3.8445263
5	3.9927163
5	3.416891
5	1.8400673
5	2.8569047
5	4.0536427
5	3.7573411
5	3.8092854
5	3.442417
5	4.0332837
5	4.067816
5	4.010709
5	3.6793106
5	3.0026906
5	3.912348
5	1.8801328
5	1.0935158
5	1.2109383
5	4.138321
5	4.0743146
5	4.1838393
5	4.194426
5	3.3596327
5	3.8570864
5	1.8979694
5	4.0366173
5	4.089911
5	2.552077
5	3.919232
5	4.06524
5	3.7948349
5	3.6932886
5	3.9655883
5	4.000937
5	2.1225755
5	2.2186139
5	3.5908916
5	3.0886364
5	1.8133672
5	1.6291723
5	3.2337372
5	2.3747163
5	4.0547814
5	3.8939145
5	1.672064
5	1.6038488
5	2.5216634
5	3.9431612
5	1.0833101
5	1.4709549
5	1.0636945
5	4.10649
5	3.8849242
5	4.0306826
5	3.232504
5	3.9613748
5	3.9584816
5	3.7238672
5	3.9823277
5	1.427694
5	3.699075
5	3.5730278
5	2.5191457
5	3.539087
5	2.9006186
5	3.6836617
5	3.7858958
5	3.9175384
5	4.1691184
5	4.1388445
5	3.903466
5	3.6656487
5	3.809273
5	1.2674932
5	1.6345047
5	1.8140622
5	3.3872106
5	4.0272593
5	4.102588
5	2.828995
5	3.003536
5	3.8625925
5	3.8307705
5	3.266508
5	3.9786005
5	4.0863023
5	4.030843
5	3.7358177
5	4.078485
5	4.0373254
5	4.1285067
5	4.046282
5	3.6754887
5	3.1259522
5	3.791364
5	3.9639828
5	4.0948305
5	4.0383897
5	3.7775013
5	3.822088
5	3.5544102
5	3.3638818
5	4.0286465
5	4.0267735
5	3.5172203
5	3.742102
5	4.056483
5	4.2400517
5	4.0174394
5	4.2680974
5	3.9344752
5	4.0344825
5	4.222222
5	3.5217354
5	3.8166258
5	1.6401242
5	2.3869112
5	1.4377952
5	4.1036754
5	3.7627962
5	4.0723586
5	3.9508421
5	3.7561767
5	4.0339456
5	4.1631083
5	4.1093326
5	3.8992712
5	3.874737
5	3.99499
5	4.0626893
5	2.932158
5	3.5424933
5	3.8773248
5	3.888778
5	4.1309295
5	4.165202
5	4.257415
5	3.7193277
5	3.861738
5	3.6187513
5	4.0978127
5	4.107887
5	4.1555457
5	3.9019096
5	4.1996207
5	3.7534807
5	4.0067453
5	3.728836
5	1.2789365
5	1.4769726
5	1.2976309
5	3.4776049
5	4.14848
5	3.7965438
5	3.8829954
5	3.6137068
5	3.741765
5	4.0161414
5	4.2017097
5	4.152188
5	4.0740085
5	2.630572
5	2.436911
5	4.0984926
5	3.9849455
5	4.104661
5	4.123139
5	3.3051414
5	4.0884933
5	3.838817
5	3.9554281
5	3.9331586
5	4.184505
5	2.6435232
5	3.872978
5	3.947674
5	3.8375578
5	3.765939
5	3.5822299
5	3.7104766
5	3.3907657
5	4.0002065
5	3.532673
5	3.8329432
5	4.1141734
5	3.3149476
5	4.018254
5	4.027517
5	2.8869474
5	3.0592437
5	3.9114625
5	3.995731
5	3.7564285
5	3.5461338
5	1.5052569
5	4.216415
5	4.2366233
5	4.242947
5	3.9889734
5	4.0760965
5	4.090605
5	3.4858115
5	4.0795875
5	3.5131605
5	4.0414624
5	1.685918
5	3.6305566
5	3.6396234
5	3.5187614
5	3.9441676
5	4.006208
5	3.900803
5	3.6442034
5	2.5392697
5	4.066442
5	3.8162303
5	4.02512
5	3.7705486
5	3.170225
5	4.225273
5	4.216535
5	3.303823
5	3.427314
5	2.974116
5	3.1859107
5	3.8128784
5	2.7617087
5	2.1342516
5	3.9492013
5	4.2198977
5	3.6801646
5	4.2639823
5	3.9564831
5	2.873553
5	3.7452967
5	3.840258
5	2.232796
5	3.0788248
5	3.7505815
5	2.214039
5	4.1560607
5	4.1109138
5	3.9981146
5	3.7058165
5	4.198083
5	3.8226566
5	3.8865285
5	4.1407046
5	4.0370636
5	3.1455128
5	3.1281276
5	3.7868133
5	2.5690353
5	3.6487968
5	3.4751666
5	3.6521308
5	1.4933888
5	3.69696
5	4.0247626
5	4.222198
5	4.1634455
5	4.024902
5	3.60783
5	4.28362
5	4.163399
5	4.125843
5	3.806267
5	3.2711203
5	4.159982
5	4.1477118
5	4.1274056
5	4.0341377
5	3.7343526
5	3.6551547
5	3.3718772
5	2.3425956
5	2.8238707
5	4.1394234
5	4.1523347
5	4.129967
5	3.966412
5	4.1205397
5	4.138971
5	3.8796213
5	4.0445967
5	3.758322
5	4.065834
5	3.9823356
5	3.4870698
5	4.1886253
5	3.9394968
5	3.7191172
5	3.8982708
5	3.8754222
5	3.8137796
5	2.9263825
5	2.4977896
5	4.0599575
5	4.15331
5	4.0408063
5	3.596935
5	4.107658
5	3.8818874
5	3.7099507
5	2.9447093
5	3.7621682
5	3.705211
5	3.382467
5	4.0157804
5	3.6849244
5	4.0669756
5	3.6881223
5	3.8694365
5	3.5477843
5	3.9098778
5	3.960021
5	3.6348999
5	4.039011
5	3.4638891
5	3.5192373
5	4.0654874
5	3.8875358
5	3.0344265
5	2.6706364
5	3.6052988
5	3.5854666
5	2.9356298
5	3.9608667
5	3.8853319
5	3.3936434
5	3.2026865
5	3.6552196
5	2.8595028
5	3.8498797
5	2.050248
5	3.9169629
5	3.779571
5	3.8238795
5	3.7906616
5	4.1596346
5	3.6835968
5	4.203108
5	3.9599826
5	3.6954274
5	4.175093
5	3.6570342
5	3.8641753
5	3.5181577
5	3.6027107
5	4.0446897
5	2.5131032
5	3.9092495
5	3.772859
5	3.238651
5	1.867049
5	3.6655843
5	3.383588
5	3.1107507
5	3.4193347
5	3.8177416
5	2.4956834
5	3.0710988
5	3.7437608
5	4.1206155
5	3.901087
5	3.8337686
5	4.0274353
5	3.7304707
5	1.8845533
5	2.3391984
5	4.0716763
5	4.130108
5	3.9653022
5	4.247021
5	4.1485233
5	4.244617
5	4.158689
5	4.214001
5	3.975241
5	3.902878
5	4.1204576
5	4.240541
5	4.0287356
5	4.163499
5	4.099566
5	4.155311
5	4.065053
5	3.9427078
5	4.1101108
5	4.1234937
5	3.9145968
5	2.0043912
5	3.7284362
5	3.5912788
5	3.9909265
5	4.1388707
5	3.826043
5	3.780009
5	3.5540268
5	3.7898707
5	4.0072956
5	4.0629
5	4.110593
5	3.546115
5	1.6327485
5	3.9449606
5	3.9415987
5	3.8864467
5	4.0042825
5	4.108744
5	4.135056
5	3.9537141
5	4.116269
5	3.9440873
5	3.9622118
5	3.016627
5	3.9887702
5	2.2565453
5	3.5893981
5	3.8272321
5	2.5224485
5	3.8806589
5	4.2243524
5	4.179105
5	3.3565772
5	3.685959
5	4.048008
5	3.168239
5	4.0597835
5	3.8948185
5	3.8181818
5	3.8241727
5	4.1501412
5	4.1392245
5	2.880847
5	3.8125093
5	2.8579662
5	3.9592118
5	4.0698957
5	3.399163
5	4.1025243
5	3.9972537
5	4.269075
5	4.0895567
5	4.017341
6	3.8212283
6	4.1607122
6	4.038301
6	4.070711
6	3.3351214
6	3.7670858
6	3.2618635
6	4.211492
6	3.7085786
6	3.688452
6	2.903074
6	3.8871305
6	4.0788364
6	3.7577498
6	3.7811253
6	4.166224
6	3.7730827
6	4.159365
6	4.160499
6	4.0151443
6	4.19315
6	3.2907698
6	3.8001227
6	2.6944697
6	2.9526958
6	3.3232572
6	2.568105
6	3.9845061
6	3.5456395
6	3.9414804
6	3.2647154
6	4.118488
6	3.965484
6	3.733538
6	4.040189
6	4.034534
6	2.1426947
6	2.6831477
6	2.4805503
6	2.363983
6	4.1887183
6	4.2616887
6	3.5895326
6	3.920859
6	3.376947
6	3.7971408
6	3.9726236
6	4.2622304
6	4.046375
6	3.4550254
6	3.8111155
6	3.692449
6	3.410817
6	3.7081406
6	3.928355
6	4.0651054
6	3.9578712
6	4.0750318
6	4.148615
6	4.1417966
6	4.0760913
6	3.5685701
6	3.634216
6	4.061864
6	4.077736
6	3.8445137
6	4.293839
6	4.150373
6	3.0870945
6	3.1631558
6	2.9905207
6	3.778978
6	3.521623
6	4.0242214
6	2.1538684
6	2.7972555
6	3.1273832
6	2.5691185
6	3.497883
6	4.12779
6	3.7886813
6	3.5897658
6	3.8175063
6	4.1825585
6	3.8955362
6	4.1627693
6	3.2357051
6	3.9329884
6	3.191069
6	4.094482
6	3.4160283
6	3.582725
6	3.9572046
6	3.9937198
6	4.136946
6	3.7152555
6	2.2835765
6	3.8722522
6	4.073444
6	4.0796266
6	4.130505
6	3.9335632
6	3.6542838
6	4.1329684
6	3.8822014
6	3.4558277
6	3.377467
6	4.2043414
6	3.559417
6	4.096737
6	4.221421
6	4.172866
6	4.0467553
6	2.0931726
6	3.1010218
6	3.9530537
6	3.8095872
6	4.103835
6	3.866425
6	3.9955847
6	4.069783
6	3.817959
6	4.1265187
6	3.9198897
6	4.151996
6	4.019762
6	4.160851
6	3.7270901
6	4.131866
6	4.017648
6	3.8370097
6	3.28748
6	3.1851513
6	4.0080457
6	4.211005
6	3.845949
6	3.9817417
6	4.183436
6	4.2039685
6	4.2257953
6	4.1508484
6	3.7368605
6	3.580584
6	3.5887244
6	3.3287144
6	3.047839
6	2.2160325
6	2.2072284
6	1.8185489
6	4.0791473
6	4.183439
6	4.173353
6	4.185596
6	3.6904256
6	4.0360584
6	3.8905299
6	3.9411166
6	3.6396396
6	3.795178
6	4.127444
6	4.2172294
6	4.055948
6	4.089736
6	3.954428
6	3.868234
6	4.1964884
6	3.5125122
6	4.07429
6	3.985528
6	3.963959
6	3.8858168
6	2.520558
6	3.9388735
6	3.8437352
6	4.0128098
6	3.896451
6	4.022237
6	2.8435705
6	3.1486423
6	3.3859966
6	4.1010013
6	3.9716208
6	2.5095427
6	2.9309928
6	4.091966
6	4.1473064
6	4.091256
6	4.007601
6	4.09805
6	3.7201612
6	3.1277468
6	3.5562942
6	3.7336538
6	3.4258857
6	3.0288951
6	4.0392284
6	3.7690442
6	4.1759295
6	3.239848
6	3.5046575
6	3.5429425
6	4.1030254
6	4.1332517
6	3.1247315
6	3.7639537
6	2.8196273
6	3.500852
6	4.0811815
6	3.9000578
6	3.9397979
6	3.9607222
6	4.0746417
6	4.075388
6	4.0130577
6	4.130126
6	3.6830246
6	4.199115
6	4.104595
6	3.396558
6	3.8865952
6	4.0432525
6	4.1470704
6	4.139197
6	3.756315
6	3.6962852
6	4.175446
6	3.966832
6	4.035596
6	4.165782
6	3.8569973
6	3.6468585
6	4.0204105
6	3.9914782
6	3.8750942
6	4.125918
6	3.6802785
6	4.145682
6	4.1337295
6	4.2002625
6	2.5690727
6	2.6401658
6	2.0665298
6	2.488265
6	4.092154
6	2.925666
6	2.5458763
6	2.1249967
6	2.2132242
6	2.2118642
6	3.4686239
6	4.0293393
6	3.8277085
6	3.9171278
6	4.037094
6	3.9842393
6	3.9771085
6	4.0014744
6	4.1331563
6	4.174343
6	3.8853447
6	4.2108264
6	4.1315045
6	3.9933245
6	3.8823173
6	3.722676
6	4.030659
6	4.0557027
6	3.7533896
6	4.1782184
6	3.849714
6	4.1133537
6	3.9670432
6	3.7323723
6	4.0806775
6	3.453872
6	3.941624
6	4.1073523
6	4.182068
6	3.3079422
6	3.5120742
6	3.8625019
6	3.4308946
6	3.916476
6	3.944637
6	2.912563
6	3.9555023
6	4.132983
6	4.1209636
6	3.9582963
6	4.0137963
6	4.0790315
6	3.8782527
6	3.35874
6	4.031718
6	3.7971036
6	4.2037225
6	3.325494
6	4.1020985
6	4.148765
6	3.9303255
6	4.072821
6	4.0550094
6	4.084077
6	3.9732668
6	4.1638503
6	4.0432014
6	3.9545302
6	4.181377
6	3.8251586
6	3.861269
6	4.247049
6	4.2996798
6	3.9495666
6	2.3691852
6	3.8537319
6	3.7482984
6	3.5179975
6	2.266846
6	2.1894572
6	3.8865497
6	3.7180507
6	3.8340833
6	3.5688717
6	2.1242938
6	1.7555586
6	2.4331958
6	4.0602846
6	2.7112553
6	2.5839877
6	4.0475
6	4.117317
6	4.090301
6	4.113107
6	4.2364163
6	4.1892753
6	3.7020817
6	3.5698104
6	3.6492403
6	2.1633372
6	4.022991
6	3.949989
6	4.1168075
6	4.169467
6	3.1177979
6	3.5995018
6	2.4942522
6	1.9736979
6	3.6170855
6	3.2882235
6	2.9990485
6	3.827627
6	3.7123249
6	3.5797362
6	3.6179786
6	4.061097
6	3.92037
6	3.3195534
6	3.3383737
6	3.90677
6	4.178876
6	3.8494866
6	4.264211
6	3.9489622
6	4.025349
6	3.7633119
6	3.537278
6	3.8104134
6	3.9092586
6	3.02443
6	4.1331997
6	3.861194
6	4.215038
6	4.111413
6	3.3503952
6	3.233732
6	3.7287145
6	4.022221
6	4.077952
6	3.9146242
6	4.1631956
6	3.1516552
6	2.5027504
6	3.7018697
6	3.0297623
6	4.0208683
6	3.8423803
6	2.842425
6	2.1179821
6	2.5194876
6	3.9954896
6	2.9953966
6	2.9213095
6	3.4108667
6	2.9508638
6	3.036878
6	3.3668425
6	4.210222
6	4.202688
6	4.2387166
6	4.0461326
6	4.1443124
6	4.119166
6	4.0434475
6	3.6757603
6	3.728936
6	3.9900553
6	3.9523432
6	4.251447
6	3.76264
6	3.3898427
6	3.2026486
6	3.3372052
6	3.590153
6	3.9116204
6	3.8695273
6	4.191243
6	2.222802
6	1.7334065
6	2.1617308
6	4.0782523
6	4.0843234
6	4.053862
6	4.0123496
6	3.7928255
6	4.0962133
6	4.010419
6	4.1684227
6	3.9186358
6	4.21392
6	3.7765524
6	4.140551
6	4.0537653
6	3.3195336
6	3.7493412
6	3.8237708
6	4.2409453
6	4.069598
6	3.7139702
6	3.2095764
6	3.9318218
6	3.8467329
6	4.266748
6	3.604263
6	4.1564965
6	4.0886116
6	3.7964308
6	3.7976818
6	4.1889367
6	3.3279893
6	3.7253428
6	3.4182994
6	3.589874
6	3.4994552
6	3.6195452
6	3.301349
6	3.2806761
6	4.0581145
6	4.1350946
6	4.007253
6	4.0378823
6	4.1073046
6	4.0183444
6	4.136302
6	3.7688286
6	4.225063
6	3.7824905
6	3.739918
6	2.811162
6	3.1545675
6	3.3874094
6	4.1690717
6	3.9928772
6	3.8524544
6	3.8763237
6	4.0698724
6	3.6113355
6	4.004968
6	2.942519
6	3.7405677
6	2.4564292
6	4.0593576
6	3.7932613
6	4.111359
6	2.679918
6	3.316365
6	3.2690842
6	3.98586
6	3.897743
6	4.11158
6	4.0937243
6	3.9256804
6	4.076281
6	4.167964
7	2.831473
7	3.95776
7	3.3286033
7	4.154842
7	4.0974236
7	3.717577
7	3.7448823
7	1.8327215
7	1.475514
7	3.852394
7	4.122309
7	3.4723785
7	4.125152
7	3.1785681
7	4.1506243
7	3.9844296
7	3.8344986
7	4.1435304
7	4.0380363
7	3.5048034
7	4.0362163
7	4.0401917
7	3.90847
7	4.125783
7	4.073606
7	4.139996
7	3.8894594
7	3.950484
7	3.4452305
7	4.288322
7	4.125339
7	4.005946
7	3.5110295
7	3.771096
7	4.0826154
7	2.210036
7	2.1951883
7	1.8323535
7	1.8663315
7	4.1856008
7	3.9478285
7	3.6317673
7	2.7924082
7	4.212222
7	4.15159
7	4.2547727
7	3.9245431
7	3.953409
7	3.8791513
7	4.133612
7	4.1434326
7	3.904644
7	4.1732945
7	4.1347203
7	4.094005
7	4.0356717
7	4.1153283
7	3.9478505
7	3.8242
7	4.1704683
7	3.9751458
7	4.056443
7	4.088599
7	4.124338
7	4.0946054
7	3.9492016
7	4.00921
7	3.9551966
7	3.6396873
7	3.4230146
7	2.7045488
7	3.9643853
7	3.8595903
7	4.0948377
7	4.006163
7	3.8620195
7	4.090426
7	3.2612202
7	4.2404804
7	3.7028058
7	4.0185685
7	3.9965808
7	4.0537252
7	4.188981
7	4.0873322
7	4.087272
7	3.9178479
7	4.034531
7	3.3169975
7	3.422055
7	4.065278
7	4.1216087
7	3.7863882
7	4.046595
7	4.04637
7	4.0290146
7	3.9000332
7	4.0400352
7	3.9271865
7	3.2725866
7	2.7983215
7	3.0990376
7	3.8327672
7	3.4420397
7	3.956643
7	1.8017795
7	1.9904138
7	2.0277343
7	2.2724583
7	2.012891
7	3.949629
7	3.4822862
7	4.0099487
7	2.9014595
7	3.51415
7	3.5883849
7	3.3517778
7	4.2448916
7	3.648189
7	4.2375293
7	4.220405
7	3.9480426
7	4.2532096
7	3.948047
7	3.8731472
7	4.115475
7	4.0728846
7	3.3880327
7	3.9736965
7	4.0106864
7	4.1735187
7	4.0545907
7	3.3223984
7	3.9897354
7	4.093547
7	3.8851168
7	4.3145843
7	3.8242068
7	4.1153913
7	4.0738506
7	3.564472
7	3.5039623
7	3.6730692
7	4.060113
7	3.8471243
7	4.263564
7	3.782341
7	4.181996
7	4.0836816
7	3.426168
7	3.9900155
7	4.2358255
7	4.088755
7	4.002589
7	3.814438
7	3.4863627
7	4.1667476
7	4.028082
7	4.08513
7	3.5830305
7	3.5634146
7	4.04497
7	3.910531
7	3.8407805
7	3.9119067
7	3.0926678
7	2.983412
7	3.860203
7	3.925361
7	3.8987443
7	3.307882
7	3.7316935
7	3.8299394
7	4.1199126
7	4.1860595
7	3.978739
7	3.8278348
7	3.9084213
7	3.9878678
7	3.8886082
7	3.7585437
7	3.882405
7	4.1507072
7	4.0110626
7	4.0299397
7	3.587035
7	3.5567048
7	3.7629197
7	3.9840696
7	3.8943887
7	3.9980013
7	3.694908
7	3.9088757
7	4.0674634
7	4.0553565
7	2.6951785
7	2.9681113
7	2.2236621
7	4.0727572
7	2.2441094
7	3.4653835
7	2.2083845
7	3.7539024
7	3.5882337
7	4.0317006
7	3.878534
7	4.1125536
7	3.2999866
7	3.4767926
7	4.0336165
7	3.7657092
7	3.8759475
7	4.0760303
7	2.9337847
7	3.9091241
7	3.6113937
7	3.9454916
7	3.9708197
7	3.915653
7	3.5808275
7	4.0738893
7	3.971967
7	3.8012564
7	4.0674686
7	3.6143224
7	4.008184
7	3.8350909
7	3.8672485
7	3.8468096
7	4.102902
7	4.1440864
7	3.9710524
7	4.098992
7	3.8897874
7	3.887123
7	3.7546704
7	4.2522264
7	4.1869307
7	4.164825
7	4.026652
7	3.8892353
7	3.384278
7	2.8205054
7	4.056834
7	4.1237636
7	3.0758326
7	2.4142652
7	3.0173109
7	2.0661583
7	4.0292654
7	3.8918726
7	4.0303345
7	4.090214
7	3.947027
7	3.797767
7	3.826838
7	4.1932626
7	3.6148374
7	3.9481983
7	3.8208528
7	4.0561485
7	4.1355395
7	4.0996184
7	3.9208918
7	4.1914167
7	4.0003223
7	3.6538212
7	3.2748826
7	2.7590196
7	4.088055
7	4.236971
7	3.9976666
7	3.9070365
7	4.240088
7	4.1649275
7	4.056745
7	1.9660431
7	2.40361
7	1.959918
7	2.6758697
7	3.8420217
7	4.0555563
7	3.356703
7	2.710464
7	3.0947375
7	3.9848268
7	4.0326056
7	4.088887
7	3.5901387
7	4.0268216
7	4.0902877
7	3.6721814
7	3.4009793
7	3.9975615
7	4.1165376
7	3.9652164
7	3.4998655
7	2.9630735
7	3.6707585
7	4.1543727
7	4.098515
7	2.3388083
7	3.3144417
7	4.0374827
7	4.100359
7	4.0699005
7	3.559082
7	3.9735363
7	4.124623
7	4.1098604
7	4.0956674
7	4.058674
7	4.080944
7	4.2233834
7	4.221802
7	3.7947986
7	3.5559137
7	4.224088
7	4.144174
7	4.107368
7	3.9515703
7	4.1153145
7	4.0721707
7	4.290954
7	4.0601726
7	3.4535859
7	4.0134726
7	4.0824113
7	3.6623225
7	3.9181445
7	3.982725
7	4.0999947
7	3.7378013
7	4.203396
7	4.080481
7	4.183617
7	4.18599
7	4.123278
7	4.140905
7	4.21896
7	3.9738824
7	3.7543437
7	3.8443022
7	4.248411
7	2.9031074
7	3.3658435
7	3.4741108
7	4.0623684
7	3.4111044
7	4.188789
7	3.1061773
7	3.0397193
7	2.3423727
7	3.9914782
7	2.6441624
7	3.103784
7	2.583309
7	2.6256006
7	4.05101
7	3.9005733
7	3.77455
7	2.8625
7	2.8350766
7	4.066559
7	3.8945897
7	3.737039
7	3.7735562
7	3.7834303
7	4.2481127
7	4.082345
7	4.2141223
7	3.85846
7	3.9488273
7	3.0327783
7	3.5853193
7	3.5979934
7	4.0997186
7	3.8391683
7	3.64234
7	4.1707807
7	3.992719
7	3.237181
7	4.0852895
7	3.8660483
7	4.052675
7	4.0521836
7	3.9520571
7	3.550014
7	4.145376
7	4.209028
7	4.2310987
7	4.117685
7	4.035265
7	4.0854125
7	3.383794
7	4.144912
7	4.062717
7	3.967316
7	4.077404
7	3.4656937
7	4.178146
7	3.2994063
7	4.132327
7	4.115196
7	2.797639
7	4.127738
7	4.0846357
7	4.0575714
7	4.157103
7	4.075634
7	3.8872533
7	3.8392496
7	2.5394385
7	3.5922863
7	4.1754622
7	4.073119
7	4.1016507
7	3.7352808
7	3.4449518
7	3.5484767
7	4.1233554
7	3.9705126
7	4.1794195
7	4.188372
7	4.1310105
7	4.141984
7	3.9632862
7	4.1810308
7	3.948641
7	3.3428533
7	3.135107
7	4.1037583
7	3.953626
7	4.1702423
7	3.9438336
7	4.0643744
7	4.1214995
7	4.064172
7	4.130078
7	4.0978236
7	4.1176324
7	3.5869014
7	3.878928
7	4.0911827
7	4.1383686
7	3.9086514
7	4.0684614
7	3.4250414
7	4.1868806
7	3.1803174
7	4.00581
7	3.9439418
7	4.1088076
7	3.267098
7	3.612697
7	2.7030041
7	4.027113
7	3.7768826
7	3.9150004
7	4.026514
7	3.9247265
7	3.7273848
7	3.7715237
7	3.5811205
7	3.805477
7	3.8866465
7	4.078125
7	4.1176157
7	3.90995
7	3.4091141
7	3.861552
7	3.9247267
7	3.804496
7	3.3923557
7	2.16633
7	2.476599
7	3.9587643
7	3.7889478
7	4.0514245
7	4.1316404
7	4.1907268
7	4.229494
7	4.148291
7	3.8211944
7	3.8099227
7	3.5825949
7	3.9243095
7	3.805379
7	2.8508773
7	3.7092447
7	3.885206
7	3.2691581
7	4.0767226
7	4.1883507
7	3.988501
7	3.6535704
7	4.2393866
7	4.039429
7	4.180561
7	4.0499983
7	3.3454301
7	4.184521
7	4.039314
7	4.132649
8	4.097972
8	4.1402946
8	4.0845428
8	4.089218
8	3.117238
8	2.9486558
8	2.4197142
8	3.8521242
8	3.9225962
8	3.3509512
8	3.6602952
8	3.8498504
8	4.1957436
8	3.9151776
8	4.013173
8	3.9499176
8	3.7454903
8	4.1527843
8	4.072358
8	3.6488855
8	3.9570296
8	3.624129
8	4.031193
8	4.1671576
8	3.9557173
8	3.929361
8	4.177215
8	4.159177
8	4.047366
8	3.6079319
8	3.316529
8	3.9589868
8	4.148541
8	2.999081
8	3.0111187
8	2.901459
8	4.0946393
8	4.0677137
8	4.0378942
8	4.057741
8	3.7046359
8	3.2894185
8	3.8346882
8	3.6240466
8	3.462854
8	4.060978
8	3.1841922
8	3.5830667
8	4.086028
8	4.0410643
8	4.2263246
8	4.1930356
8	4.180411
8	3.6602433
8	4.060259
8	4.04261
8	3.7635138
8	3.6226513
8	3.849785
8	3.362428
8	2.6574209
8	3.277835
8	3.5933297
8	3.165342
8	4.2050996
8	2.4972317
8	2.6869173
8	4.231832
8	4.2705913
8	4.067727
8	4.163674
8	4.2411346
8	4.122524
8	4.123851
8	4.1654935
8	3.428605
8	4.105639
8	4.129898
8	3.9327064
8	4.022607
8	3.9894497
8	3.776348
8	3.9981096
8	2.9529698
8	4.207658
8	4.0502195
8	4.2513003
8	3.8306134
8	3.8928003
8	4.177574
8	4.0109344
8	3.97842
8	4.0916147
8	4.063148
8	4.23671
8	4.0423613
8	3.4110477
8	3.95836
8	3.732251
8	3.4687827
8	3.7836735
8	4.079524
8	4.071541
8	4.1574063
8	3.1631854
8	3.644478
8	4.1218467
8	3.988179
8	3.0816033
8	3.6130273
8	4.0276217
8	4.007609
8	4.0985236
8	4.169663
8	4.078461
8	4.1776032
8	4.190886
8	4.1565537
8	4.187815
8	4.104839
8	4.124763
8	4.012742
8	2.760207
8	2.5371764
8	3.1967835
8	3.0961192
8	3.1342309
8	4.2449
8	4.261293
8	4.096599
8	4.128901
8	4.1824822
8	4.195188
8	4.07431
8	4.146704
8	3.9971383
8	4.1694484
8	4.1280313
8	4.152455
8	4.161505
8	4.272303
8	3.8968213
8	3.9757714
8	4.1189547
8	3.7952645
8	3.8858235
8	2.6576927
8	2.877772
8	4.285908
8	3.595939
8	3.9716213
8	3.7836893
8	3.6739328
8	4.1331763
8	4.2075276
8	3.9287796
8	3.9729075
8	3.8747253
8	4.084227
8	4.1174493
8	3.9619792
8	4.1326804
8	4.0404825
8	4.121573
8	4.042679
8	4.0379834
8	1.9497194
8	2.136815
8	4.0840445
8	3.9989316
8	3.3948195
8	3.9597194
8	4.092185
8	3.035873
8	3.961023
8	3.6182146
8	4.023143
8	3.5899994
8	4.019882
8	4.0414324
8	3.9828937
8	4.004276
8	3.7320735
8	3.9701138
8	3.97696
8	3.9598706
8	4.11717
8	3.906179
8	3.9439173
8	4.2137027
8	3.8289554
8	4.101463
8	3.9864852
8	4.247097
8	4.1680675
8	4.13005
8	4.1737514
8	4.1660624
8	4.106245
8	4.1522193
8	4.1891594
8	3.293305
8	3.9036453
8	3.4681478
8	4.1166096
8	4.023186
8	4.0038447
8	4.139585
8	3.9394405
8	4.0439715
8	4.062257
8	4.169314
8	4.045722
8	4.012374
8	4.035988
8	4.0249567
8	3.9856334
8	3.811115
8	3.675842
8	4.127744
8	4.148552
8	3.0796478
8	3.9109633
8	4.0799813
8	4.0059
8	3.9065654
8	3.937464
8	3.8173473
8	3.2441926
8	3.4564645
8	4.0462337
8	4.0491004
8	4.050173
8	3.616803
8	2.815502
8	3.891383
8	3.7110097
8	3.9653215
8	4.121
8	3.9978797
8	3.6322067
8	4.018302
8	3.9551485
8	4.037895
8	3.9103124
8	2.452813
8	2.6639488
8	4.1984363
8	3.6064956
8	4.0490556
8	3.8380568
8	3.677842
8	4.092903
8	3.9178731
8	3.9200783
8	3.6548827
8	3.8272364
8	3.7840016
8	3.6179795
8	3.9258697
8	4.200398
8	4.064668
8	4.142768
8	4.0326915
8	4.018732
8	4.1353326
8	4.05129
8	3.9271297
8	4.178068
8	2.8023336
8	2.4949853
8	3.8673875
8	4.0673366
8	4.230723
8	4.1504273
8	3.3293905
8	4.2015243
8	4.0414243
8	3.9668782
8	3.9900155
8	3.9356816
8	3.9928477
8	4.104678
8	4.15432
8	3.9835958
8	4.142222
8	4.0794497
8	4.008925
8	3.802293
8	3.892483
8	3.0005796
8	3.8965564
8	4.202946
8	4.050717
8	3.9843764
8	3.6509311
8	4.1316648
8	4.0949874
8	2.9592617
8	3.5412636
8	3.9184308
8	2.308587
8	3.1459029
8	4.1353645
8	3.8429112
8	3.6040056
8	4.083163
8	4.2258964
8	4.1480994
8	3.6242175
8	3.978953
8	3.9236414
8	4.173206
8	4.0890393
8	4.1988635
8	4.115111
8	4.001475
8	3.593952
8	3.7476332
8	4.106894
8	3.9868195
8	3.9555387
8	4.1219463
8	3.812579
8	3.8102136
8	4.079676
8	3.5430152
8	4.023975
8	4.11832
8	4.211187
8	4.1905046
8	3.9807613
8	4.1566677
8	4.1080866
8	4.1631203
8	3.592047
8	3.764331
8	4.00445
8	3.9001606
8	3.2843883
8	3.6075978
8	4.0644426
8	3.3781433
8	3.887609
8	3.9010646
8	3.9849885
8	3.3456624
8	4.0500884
8	4.179836
8	4.0895243
8	4.166778
8	3.6724775
8	3.959751
8	4.005282
8	3.760489
8	3.619715
8	3.514683
8	3.6855733
8	3.9489567
8	3.4904397
8	3.3928714
8	3.4809663
8	3.85335
8	4.1185417
8	3.8158169
8	3.8284287
8	3.7445307
8	3.4624565
8	3.6521184
8	3.7056139
8	3.7600577
8	3.9222105
8	3.9561145
8	3.6280892
8	4.053645
8	3.8061879
8	3.7718227
8	4.0059557
8	4.0315104
8	4.122901
8	2.8857725
8	3.8549993
8	3.4510763
8	4.043582
8	4.0836043
8	2.8917642
8	3.3557465
8	2.5112052
8	4.258661
8	3.2107916
8	4.037758
8	2.5065691
8	4.2287
8	3.9922855
8	4.030769
8	4.0897326
8	4.083556
8	3.6732695
8	4.133704
8	4.025831
8	4.1097283
8	2.537378
8	3.6775439
8	4.1082325
8	3.8637838
8	3.581043
8	3.2877166
8	3.8127327
8	4.157817
8	4.0348463
8	4.095541
8	3.9701798
8	4.0931044
8	4.180696
8	4.1725855
8	4.0525928
8	4.19389
8	4.0746746
8	3.0996926
8	3.9805245
8	4.2600846
8	4.1458426
8	4.060229
8	3.884715
8	4.153374
8	4.2543216
8	4.0276604
8	4.033275
8	3.74666
8	4.063499
8	4.1904616
8	4.0218067
8	3.8522067
8	4.0692616
8	4.01916
8	4.2603946
8	4.268173
8	4.1911235
8	4.261165
8	4.0756927
8	3.8950093
8	3.8840625
8	3.0845344
8	3.5715816
8	3.5236053
8	3.123181
8	4.124142
8	4.053164
8	3.6986074
8	3.8446252
8	3.6353385
8	3.9546816
8	4.157102
8	3.9687731
8	4.121243
8	4.1819572
8	4.166011
8	3.3976524
8	3.3703542
8	3.8936927
8	2.3470826
8	2.1092937
8	2.4105377
8	2.3158722
8	3.6198256
8	3.91344
8	3.9239137
8	3.6733096
8	2.5540557
8	3.1927435
8	4.1986833
8	4.1982393
8	3.9810944
8	3.8427434
8	3.9438488
8	3.9078746
8	3.0951571
8	3.2173746
8	3.292576
8	3.9523957
8	4.174289
8	3.8014586
8	3.743902
8	3.7879646
8	3.7902243
8	3.8697922
8	3.2796195
8	3.41812
8	3.887826
8	2.8758185
8	3.8072484
8	4.057904
8	2.0906584
8	2.1159844
8	3.9625902
8	3.8018773
8	3.9023316
8	3.9059417
8	4.019083
8	3.87426
8	4.166047
8	4.0463448
8	4.2883463
8	4.240459
8	4.2853518
8	4.194302
8	4.0523005
8	3.9955053
8	4.2116
8	3.985725
8	3.879688
8	3.892131
8	3.5897014
8	4.126538
8	4.0864415
8	4.0133057
9	4.1920214
9	3.966069
9	3.5798295
9	3.834903
9	4.2327332
9	4.1080236
9	3.8611052
9	3.874366
9	4.0312204
9	4.0838804
9	4.1971464
9	3.8278363
9	4.0718174
9	3.9934435
9	4.1211877
9	2.7263377
9	2.5305843
9	4.0398316
9	4.107506
9	4.1567154
9	4.1661696
9	3.4790747
9	3.4438663
9	4.030669
9	3.7420077
9	3.95215
9	3.653352
9	4.0314884
9	4.1879525
9	4.178231
9	4.143691
9	4.1698895
9	4.1586785
9	4.0371594
9	2.8252046
9	3.4387782
9	3.8120844
9	4.155825
9	3.3735073
9	4.2026105
9	3.7451406
9	3.6490834
9	3.6029286
9	3.6332023
9	3.615505
9	2.8332665
9	4.114044
9	3.8609474
9	3.2584717
9	3.2156782
9	3.808656
9	3.9806118
9	3.4885232
9	3.6539676
9	3.7992342
9	3.3311388
9	3.9224873
9	4.015086
9	4.1329026
9	3.7691097
9	3.7052822
9	3.671057
9	4.0732517
9	3.9599388
9	4.092326
9	4.1765785
9	3.8630412
9	3.9860888
9	3.8171983
9	3.8300254
9	2.417105
9	2.1126585
9	4.026967
9	3.9822779
9	4.100973
9	4.179452
9	3.8739116
9	3.9588172
9	4.195927
9	3.864489
9	4.1436977
9	3.5629091
9	4.0785413
9	4.0154433
9	3.0322726
9	3.982103
9	3.0882978
9	2.9095423
9	3.857937
9	3.875834
9	3.9861672
9	4.249956
9	3.0407746
9	3.1215277
9	3.2929323
9	4.0850244
9	4.1525416
9	4.2301583
9	4.2811484
9	3.8962
9	3.793233
9	3.4332519
9	4.020443
9	4.117638
9	4.037547
9	3.5173972
9	4.082489
9	4.070768
9	4.131601
9	3.02293
9	3.0898013
9	4.0726023
9	4.112335
9	4.1501985
9	3.8817103
9	3.6723487
9	3.7932887
9	3.9470377
9	3.5502005
9	3.8689892
9	4.0289516
9	3.8589618
9	4.0313244
9	2.7793195
9	2.5519426
9	3.2176697
9	3.9171433
9	3.8700292
9	3.8686593
9	2.3988008
9	2.6329274
9	3.3066318
9	4.0758247
9	4.0530334
9	4.0514483
9	3.8158743
9	2.785563
9	2.9350526
9	4.0948987
9	4.116368
9	4.1148295
9	2.8672438
9	4.1568017
9	4.202804
9	4.086608
9	4.021042
9	4.112131
9	4.1478305
9	4.100406
9	3.4684489
9	2.883032
9	3.9196656
9	3.8827202
9	4.1007023
9	3.4300563
9	3.2479079
9	3.2385352
9	3.8217032
9	3.5278995
9	1.649546
9	2.5619657
9	4.164231
9	4.132003
9	4.046349
9	1.9082295
9	2.7787337
9	4.0869775
9	4.0452814
9	4.078656
9	4.147308
9	4.1941795
9	4.1401277
9	4.116468
9	4.213978
9	3.964099
9	4.1969113
9	3.8375285
9	3.6271527
9	3.874934
9	3.5218766
9	4.029002
9	4.105853
9	4.2036147
9	3.262159
9	3.662628
9	3.6047885
9	4.1077003
9	3.564665
9	4.135112
9	4.250484
9	3.4272153
9	3.2802193
9	3.2431903
9	3.5008705
9	4.1538925
9	3.3373096
9	3.9462757
9	4.1647663
9	3.651508
9	4.032523
9	3.8611438
9	3.5766184
9	4.0643315
9	4.0640903
9	2.8997033
9	4.192433
9	3.2194424
9	4.2847137
9	3.8340313
9	3.4537227
9	3.7381265
9	3.189081
9	3.4701831
9	3.7000217
9	3.685849
9	3.8885767
9	3.2729366
9	3.943825
9	3.6567905
9	4.1272597
9	3.9350672
9	3.9349458
9	3.7795897
9	4.242857
9	3.9493978
9	4.0622077
9	4.0832047
9	4.117913
9	3.1792388
9	3.323272
9	3.6400588
9	4.225924
9	3.927941
9	4.2097335
9	4.076441
9	3.6870825
9	3.8246572
9	4.0668483
9	3.9088361
9	4.0852704
9	4.207346
9	4.0899353
9	3.6228926
9	4.0477824
9	3.9077919
9	4.2648163
9	4.216736
9	4.235681
9	2.8821352
9	3.4618323
9	3.993903
9	4.032653
9	3.5372074
9	4.138205
9	4.141952
9	4.176674
9	4.1033916
9	3.8911374
9	3.8411403
9	3.498865
9	3.797345
9	3.7752805
9	4.065664
9	3.8245122
9	4.0437217
9	4.0036674
9	3.8137383
9	3.9853244
9	3.804658
9	4.2364516
9	3.5326731
9	3.9476163
9	3.5972612
9	4.1835666
9	3.8377697
9	4.1687913
9	4.1965165
9	3.9433355
9	3.6911206
9	3.4549944
9	3.8051076
9	3.9786296
9	2.3177598
9	4.0567284
9	4.125263
9	3.6554396
9	4.0475116
9	4.0495033
9	3.9901419
9	3.9984512
9	3.638931
9	3.6333506
9	3.4797943
9	4.0438333
9	4.1554093
9	4.104753
9	4.056475
9	4.183072
9	3.6489458
9	3.1899817
9	3.7103698
9	4.092198
9	4.1209726
9	3.9451878
9	3.347743
9	3.522973
9	3.7187595
9	4.156701
9	4.0617104
9	4.1980977
9	4.210794
9	4.1689453
9	4.194464
9	4.003568
9	4.157004
9	3.8083498
9	4.0488877
9	3.4782639
9	3.9198687
9	3.9862025
9	2.9934723
9	4.0244145
9	4.2134376
9	4.1207314
9	4.136738
9	4.2074723
9	4.17885
9	4.2208986
9	3.9190538
9	4.0781035
9	3.9281788
9	3.735154
9	3.7390196
9	3.7124734
9	4.207815
9	4.155265
9	3.9837797
9	4.0106044
9	4.1052227
9	4.007562
9	4.0260744
9	3.5546758
9	3.5767577
9	3.8478467
9	3.954748
9	3.9261284
9	3.6426384
9	3.983534
9	4.231869
9	3.915955
9	4.0874386
9	4.166809
9	4.065284
9	4.0532413
9	4.0491543
9	3.883529
9	4.1700354
9	4.2220836
9	4.0546837
9	3.7294052
9	4.013454
9	4.1367717
9	4.0437937
9	4.089372
9	4.0184407
9	4.1989584
9	3.9165947
9	4.0257936
9	3.6365867
9	3.1230123
9	3.454156
9	3.7643187
9	2.563794
9	2.3141153
9	4.186438
9	2.6795664
9	3.9831126
9	4.1177454
9	4.0785894
9	2.3602054
9	3.5800781
9	4.006326
9	4.1099143
9	3.97984
9	1.9523875
9	2.2668493
9	2.6343515
9	3.811979
9	3.6293309
9	3.7567532
9	3.6943247
9	3.673409
9	3.9764569
9	2.4464457
9	3.966644
9	3.2692885
9	1.8703452
9	3.6223724
9	4.163584
9	3.8610356
9	3.494148
9	2.2018197
9	3.4265902
9	2.9795408
9	3.9790843
9	2.5561187
9	2.583494
9	1.3628696
9	1.453552
9	3.3257778
9	4.064401
9	3.1979241
9	1.5441236
9	2.426206
9	3.9396706
9	2.2731588
9	3.1848128
9	3.8792756
9	2.8966153
9	1.7542747
9	2.2894566
9	3.203105
9	3.6851237
9	2.8711183
9	3.7705748
9	2.7398992
9	2.4114747
9	3.8165777
9	3.8984654
9	3.9750974
9	3.7764375
9	3.2618544
9	2.0080523
9	4.2792163
9	2.2951438
9	3.36469
9	2.6742864
9	3.8623543
9	1.5278054
9	4.1054626
9	3.9700196
9	2.1971214
9	3.9240015
9	3.6607158
9	4.060672
9	2.733949
9	4.2830505
9	2.0083592
9	3.6873586
9	1.7477925
9	2.957064
9	3.5357392
9	3.552001
9	3.7834785
9	3.879485
9	3.4767416
9	1.7012459
9	2.0074408
9	1.6568328
9	2.777627
9	3.7123253
9	2.8157508
9	3.1533277
9	2.860599
9	1.6027418
9	4.1451
9	1.750616
9	3.3423014
9	2.8522747
9	3.906356
9	3.7567842
9	3.0325859
9	4.141866
9	2.2076833
9	3.4752796
9	2.500016
9	2.6828501
9	3.7426593
9	3.8967707
9	2.8893101
9	3.6074383
9	3.277093
9	4.059483
9	2.7939303
9	3.9286458
9	2.5842378
9	3.9904592
9	3.0898917
9	2.1380274
9	2.008632
9	2.5278366
9	2.4120176
