Pair_ID	relatedness_score
6	3.6304564
7	3.5669084
8	3.5675068
1	3.60002
1	3.5998893
1	3.4930308
1	3.497659
1	3.6011567
1	3.596936
1	3.556429
2	3.5557704
2	3.5420327
2	3.5403
2	3.539701
2	3.5617852
2	3.5546803
3	3.5466356
3	3.5740461
3	3.611257
3	3.6090794
3	3.5735297
3	3.5983818
3	3.608382
3	3.6106687
4	3.5129352
4	3.505404
4	3.5215876
4	3.5126593
5	3.512795
5	3.512307
5	3.537352
5	3.5317187
5	3.5156784
5	3.5367224
5	3.5155292
6	3.5153813
6	3.5153432
6	3.5596728
6	3.5572298
6	3.562842
6	3.5516057
6	3.5298357
6	3.551378
7	3.5634098
7	3.5361938
7	3.5419137
7	3.5260713
8	3.5373461
8	3.6253562
8	3.530279
9	3.5348935
9	3.536126
9	3.5229855
1	3.5285907
1	3.5429692
1	3.5419068
1	3.5217633
1	3.5418506
1	3.517865
1	3.53544
1	3.5157816
1	3.533192
1	3.5330267
1	3.586448
1	3.5749593
1	3.5627618
1	3.561895
1	3.5612788
1	3.560324
1	3.57448
1	3.5192418
1	3.5729218
1	3.5806916
1	3.5223305
1	3.5606866
1	3.4868011
1	3.5618918
1	3.5618634
1	3.4888062
1	3.511622
1	3.4923306
1	3.4801273
1	3.5026484
1	3.5020242
1	3.4922996
1	3.51374
1	3.4922976
1	3.5753033
1	3.5348034
1	3.5742671
1	3.5726974
1	3.534086
1	3.4811664
1	3.48663
1	3.5409186
1	3.5516534
1	3.4834588
1	3.4840589
1	3.4855056
1	3.4840915
1	3.5648248
1	3.5781488
1	3.566074
1	3.5303822
1	3.555299
1	3.5553377
1	3.5552316
1	3.5553238
1	3.5869584
1	3.624105
1	3.582965
1	3.5811174
1	3.5831594
1	3.5824497
2	3.6001391
2	3.5284472
2	3.5342414
2	3.5980422
2	3.527554
2	3.5731418
2	3.5711684
2	3.518175
2	3.517443
2	3.5200293
2	3.5556679
2	3.5553684
2	3.550597
2	3.5410135
2	3.5093017
2	3.5532532
2	3.558845
2	3.5413046
2	3.4773417
2	3.4910595
2	3.4837382
2	3.4836264
2	3.4901493
2	3.4668941
2	3.4830112
2	3.478312
2	3.4671278
2	3.634265
2	3.577457
2	3.5249453
2	3.5240207
2	3.5260165
2	3.5252914
2	3.525178
2	3.548362
2	3.5778327
2	3.5195236
2	3.5199244
2	3.5292466
2	3.519655
2	3.533716
2	3.4886203
2	3.555852
2	3.5555193
2	3.4851637
2	3.5183563
2	3.5287485
2	3.5188622
2	3.5176098
2	3.518946
3	3.5725584
3	3.5709863
3	3.5774527
3	3.5305417
3	3.6174464
3	3.6196723
3	3.5403426
3	3.6136398
3	3.6137805
3	3.6135485
3	3.636249
3	3.518735
3	3.5287287
3	3.623737
3	3.6339226
3	3.6237907
3	3.5924761
3	3.539227
3	3.5401242
3	3.5775676
3	3.5561078
3	3.5312836
3	3.5558944
3	3.5308647
3	3.5885007
3	3.58158
3	3.5390654
3	3.587479
3	3.5882046
3	3.539412
3	3.5554261
3	3.554845
3	3.5542305
3	3.5556645
3	3.5293064
3	3.549151
3	3.564032
3	3.5967598
3	3.564074
3	3.5956678
3	3.5572095
3	3.5720274
4	3.5763083
4	3.6183927
4	3.4661522
4	3.4630075
4	3.5400581
4	3.473496
4	3.6077056
4	3.527594
4	3.5900114
4	3.6329503
4	3.607637
4	3.527417
4	3.5931592
4	3.5838895
4	3.587383
4	3.5582595
4	3.557612
4	3.5220113
4	3.4974077
4	3.556847
4	3.4795198
4	3.526051
4	3.4995685
4	3.526361
4	3.5258482
4	3.475101
4	3.5126793
4	3.5126777
4	3.5321777
4	3.5088956
4	3.5242631
4	3.5353572
4	3.5241494
4	3.5788121
4	3.5410476
4	3.5397522
4	3.5603514
4	3.5270042
4	3.5404
4	3.5426893
4	3.5457745
4	3.5399878
4	3.4865804
4	3.5642893
4	3.561493
4	3.5616663
4	3.4893532
4	3.6327565
4	3.536652
4	3.6333442
4	3.6303635
4	3.63368
4	3.6040223
4	3.5948339
4	3.5904644
4	3.5927997
5	3.5907354
5	3.5258336
5	3.5259886
5	3.5255246
5	3.578796
5	3.606184
5	3.5278842
5	3.5430095
5	3.5315444
5	3.5795994
5	3.58022
5	3.6082773
5	3.6245527
5	3.6101346
5	3.5361865
5	3.5713296
5	3.5200353
5	3.5193217
5	3.5386968
5	3.5031836
5	3.5349882
5	3.6264215
5	3.542843
5	3.5586069
5	3.54627
5	3.5619578
5	3.6354108
5	3.654457
5	3.5934527
5	3.5953903
5	3.653462
5	3.5965824
5	3.5965114
5	3.614215
5	3.5742538
5	3.5740669
5	3.5678887
5	3.5843475
5	3.5746117
5	3.5843682
5	3.5698657
5	3.5689664
5	3.5736341
5	3.584483
5	3.6356227
5	3.6612926
5	3.5604157
5	3.5591085
5	3.6237383
5	3.658626
5	3.5626965
5	3.594819
5	3.610436
5	3.5867836
5	3.5928555
5	3.5915747
5	3.5865526
6	3.508856
6	3.5069747
6	3.4711885
6	3.4960008
6	3.5174022
6	3.5156295
6	3.6344326
6	3.6393945
6	3.6121001
6	3.6117258
6	3.5437684
6	3.5373344
6	3.5472257
6	3.5456991
6	3.5679173
6	3.5608764
6	3.6284776
6	3.6288033
6	3.5328124
6	3.5327873
6	3.6124558
6	3.537963
6	3.5678904
6	3.5705197
6	3.594924
6	3.5934658
6	3.5705035
6	3.5944867
6	3.570512
6	3.516937
6	3.5355234
6	3.544157
6	3.5431628
6	3.545631
6	3.5439856
6	3.543788
6	3.5433059
6	3.6608462
6	3.5945575
6	3.6588814
6	3.6080675
6	3.5842733
6	3.6494946
6	3.5986798
6	3.6292062
6	3.6305637
7	3.607995
7	3.6304183
7	3.5187073
7	3.5066864
7	3.5232418
7	3.6481862
7	3.5549133
7	3.6110797
7	3.6491466
7	3.5142186
7	3.5673835
7	3.5311222
7	3.5302308
7	3.537045
7	3.5111296
7	3.5278053
7	3.5329962
7	3.5463352
7	3.5774236
7	3.5546029
7	3.5478091
7	3.5462317
7	3.4921691
7	3.470403
7	3.5359607
7	3.494716
7	3.4866762
7	3.4939027
7	3.5180342
7	3.5182908
7	3.6417835
7	3.5262682
7	3.5452929
7	3.5796893
7	3.5477047
7	3.5481546
7	3.5480704
7	3.5555086
7	3.56739
7	3.5672302
7	3.5124407
7	3.5553963
7	3.5321593
7	3.5568495
7	3.5365534
7	3.5292816
8	3.5557985
8	3.580451
8	3.5362344
8	3.6059327
8	3.5913188
8	3.5916827
8	3.5562968
8	3.5703125
8	3.588984
8	3.5733817
8	3.5893834
8	3.5046134
8	3.6403737
8	3.6119082
8	3.639041
8	3.5188863
8	3.5910258
8	3.657082
8	3.631972
8	3.5854259
8	3.5895407
8	3.6308937
8	3.587044
8	3.6556053
8	3.583806
8	3.629172
8	3.6287308
8	3.5733643
8	3.5885322
8	3.6235213
8	3.5753126
8	3.6539588
8	3.5615687
8	3.644213
8	3.529397
8	3.6418817
8	3.5536637
8	3.499751
8	3.5309894
8	3.6084433
8	3.5122738
8	3.5472178
8	3.5207677
8	3.5336924
8	3.533419
8	3.5397513
8	3.6303854
8	3.5281816
9	3.5570097
9	3.5577183
9	3.618407
9	3.5586858
9	3.5598948
9	3.5580268
9	3.5247526
9	3.5037675
9	3.5051167
9	3.5213366
9	3.522738
9	3.5046053
9	3.5461519
9	3.5516956
9	3.543315
9	3.6019406
9	3.5451684
9	3.5439737
9	3.5516102
9	3.6127863
9	3.5728426
9	3.5881407
9	3.5870757
9	3.5892682
9	3.610591
9	3.574018
9	3.470955
9	3.4864178
9	3.6061878
9	3.6074624
9	3.4872265
9	3.5736876
9	3.561234
9	3.5709338
9	3.5643086
9	3.5688677
9	3.4340043
9	3.567036
9	3.5332036
9	3.6488786
9	3.6152997
9	3.636375
9	3.6479187
9	3.6473844
9	3.571755
9	3.6403506
9	3.6374059
9	3.6386063
9	3.5767558
9	3.6428542
9	3.4479208
1	3.6179423
1	3.5637176
1	3.6228352
1	3.6194222
1	3.5784204
1	3.5274594
1	3.5786996
1	3.5994937
1	3.603058
1	3.5786717
1	3.6042075
1	3.5520866
1	3.5962183
1	3.547157
1	3.6030478
1	3.5511389
1	3.5333257
1	3.5340743
1	3.4832962
1	3.4837189
1	3.5461686
1	3.5331745
1	3.4846687
1	3.6098084
1	3.6115272
1	3.5849261
1	3.5529115
1	3.552979
1	3.5834098
1	3.580108
1	3.5800993
1	3.5709832
1	3.5702724
1	3.6660218
1	3.5625405
1	3.586093
1	3.5862658
1	3.6015034
1	3.6627116
1	3.66806
1	3.6623259
1	3.6918197
1	3.6915305
1	3.6990647
1	3.5046806
1	3.5090528
1	3.501875
1	3.5076385
1	3.5022428
1	3.5078373
1	3.524416
1	3.523769
1	3.5240178
1	3.5025659
1	3.4935079
1	3.4953613
1	3.49412
1	3.4925885
1	3.4908497
1	3.502007
1	3.4950209
1	3.5046687
1	3.490312
1	3.5034263
1	3.4963498
1	3.5404425
1	3.5108728
1	3.4852748
1	3.485667
1	3.5097923
1	3.4961033
1	3.5217016
1	3.502716
1	3.5001264
1	3.5087335
1	3.5023293
1	3.5014384
1	3.5029876
1	3.5133722
1	3.5084224
1	3.5135236
1	3.4982202
1	3.5141954
1	3.4784822
1	3.4864275
1	3.5141141
1	3.4834297
1	3.4745011
1	3.4591627
1	3.4864087
1	3.486351
1	3.5754685
1	3.5731673
1	3.57115
1	3.5754664
1	3.5330553
1	3.5222206
1	3.5754828
1	3.5084095
1	3.5182064
1	3.5277174
1	3.509572
1	3.5209656
1	3.505732
1	3.5208902
1	3.5006
1	3.514003
1	3.5064876
1	3.5063412
1	3.5004873
1	3.4929028
1	3.4980829
1	3.4807868
1	3.4901814
1	3.497998
1	3.5145206
1	3.5429986
1	3.5260224
1	3.5019798
1	3.4867759
1	3.4861922
1	3.4780555
1	3.4771023
1	3.4680295
1	3.470797
1	3.472675
1	3.472673
1	3.4704852
1	3.4759321
1	3.530477
1	3.5275545
1	3.4897306
1	3.4984624
1	3.5264554
1	3.4990907
1	3.4910498
1	3.4740095
1	3.4923863
1	3.4817443
1	3.482327
1	3.4754858
1	3.493017
1	3.4923337
1	3.4922462
1	3.5061321
1	3.5225859
1	3.5266297
1	3.5208454
1	3.4849703
1	3.4848356
1	3.5383937
1	3.4929976
1	3.4958282
1	3.4843893
1	3.492889
1	3.4933767
1	3.466432
1	3.4719162
1	3.4936368
1	3.4734323
1	3.4927945
1	3.4674816
1	3.481892
1	3.506946
1	3.5190144
1	3.5183697
1	3.552
1	3.5076432
1	3.5197237
1	3.5194945
1	3.5333173
1	3.5334406
1	3.5101678
1	3.5115619
1	3.5444372
1	3.5110788
1	3.5028455
1	3.5418262
1	3.5420043
1	3.5037634
1	3.5447628
1	3.590507
1	3.5458279
1	3.5889475
1	3.5452914
1	3.5200021
1	3.4648361
1	3.463704
1	3.4627862
1	3.5206409
1	3.5034094
1	3.5017219
1	3.502008
1	3.5118108
1	3.5017643
1	3.5042784
1	3.505712
1	3.5045521
1	3.4854658
1	3.5028107
1	3.4764638
1	3.4696033
1	3.469315
1	3.4723394
1	3.4776103
1	3.47198
1	3.4719734
1	3.4603524
1	3.4949503
1	3.44285
1	3.4498906
1	3.4607322
1	3.4602427
1	3.4777465
1	3.4760194
1	3.487093
1	3.4780798
1	3.4872355
1	3.4756823
1	3.5017805
1	3.5024912
1	3.5025105
1	3.502644
1	3.4679751
1	3.4751592
1	3.4759243
1	3.4703493
1	3.4758239
1	3.4669511
1	3.4693463
1	3.4830256
1	3.4913468
1	3.4709034
1	3.4832892
1	3.4704716
1	3.4661064
1	3.4928854
1	3.4656262
1	3.477446
1	3.4655447
1	3.570036
1	3.5176866
1	3.5248442
1	3.5130672
1	3.5066912
1	3.518547
1	3.4710846
1	3.5208642
1	3.4822874
1	3.5068188
1	3.510809
1	3.489395
1	3.501561
1	3.4944952
1	3.4985611
1	3.5056663
1	3.5062501
1	3.5418181
1	3.5417838
1	3.5011168
1	3.4818964
1	3.4614806
1	3.4830372
1	3.4790034
1	3.4624228
1	3.4731054
1	3.4793186
1	3.4734776
1	3.473151
1	3.5091486
1	3.4997861
1	3.4986358
1	3.5083995
1	3.4995503
1	3.4995465
1	3.500864
1	3.5094247
1	3.5099247
1	3.4944055
1	3.5032046
1	3.504267
1	3.4948428
1	3.5021982
1	3.5139081
1	3.4904613
1	3.489658
1	3.504676
1	3.503958
1	3.489798
1	3.5188656
1	3.4943893
1	3.4939086
1	3.5014224
1	3.5321898
1	3.5325313
1	3.5645971
1	3.5314558
1	3.5246077
1	3.5151405
1	3.4996886
1	3.4997215
1	3.5078611
1	3.509532
1	3.5000005
1	3.5439143
1	3.5553877
1	3.5434244
1	3.554857
1	3.4964244
1	3.5004263
1	3.4990425
1	3.5100613
1	3.4988627
1	3.5209904
1	3.5582402
1	3.557546
1	3.535232
1	3.5597134
1	3.5219436
1	3.5200665
1	3.5235744
1	3.5231466
1	3.486795
1	3.5132337
1	3.478916
1	3.4913306
1	3.5184255
1	3.4735203
1	3.5197315
1	3.537458
1	3.5183098
1	3.538587
1	3.5216255
1	3.4635134
1	3.5251672
1	3.5223956
1	3.534184
1	3.5044715
1	3.4979367
1	3.5234754
1	3.5248287
1	3.5014305
1	3.492211
1	3.4708831
1	3.5242317
1	3.5240195
1	3.4865532
1	3.5001004
1	3.5082304
1	3.519413
1	3.5078015
1	3.4911215
1	3.5305383
1	3.5262246
1	3.5275126
1	3.4831107
1	3.502093
1	3.543963
1	3.523525
1	3.5061455
1	3.5068426
1	3.5051224
1	3.5166082
1	3.498298
1	3.4777596
1	3.516025
1	3.4838765
1	3.5246458
1	3.4791977
1	3.4993906
1	3.5585237
1	3.5428803
1	3.541232
1	3.4878867
1	3.488302
1	3.505525
1	3.558232
1	3.5070953
1	3.4950552
1	3.5035686
1	3.4979987
1	3.5380895
1	3.4979649
1	3.528687
1	3.506476
1	3.5305362
1	3.5490618
1	3.534851
1	3.5042489
1	3.5345912
1	3.5388799
1	3.5401258
1	3.5383544
1	3.5488133
1	3.548629
1	3.5022504
1	3.4858613
1	3.4869857
1	3.504478
1	3.4862232
1	3.5027127
1	3.5126162
1	3.5189393
1	3.4861853
1	3.535459
1	3.5474138
1	3.4873674
1	3.4900002
1	3.4912882
1	3.4907274
1	3.541382
1	3.4738958
1	3.4738278
1	3.4871886
1	3.540046
1	3.4785635
1	3.5023074
1	3.5177457
1	3.5349264
1	3.5006495
1	3.5022833
1	3.5195138
1	3.5183494
1	3.5003316
1	3.5012548
1	3.5000467
1	3.5074277
1	3.6052146
1	3.5091038
1	3.506131
1	3.603004
1	3.4941707
1	3.5854943
1	3.586014
1	3.4952397
1	3.5230045
1	3.4625807
1	3.4700196
1	3.4622943
1	3.4642158
1	3.493871
1	3.4641209
1	3.46603
1	3.4636636
1	3.455097
1	3.5045733
1	3.4584546
1	3.5050993
1	3.5221498
1	3.498507
1	3.4875796
1	3.5027432
1	3.5213666
1	3.5301619
1	3.5689948
1	3.535732
1	3.4862664
1	3.5284688
1	3.534769
1	3.5360029
1	3.52948
1	3.549591
1	3.5214467
1	3.5451243
1	3.528305
1	3.5219512
1	3.529315
1	3.5491738
1	3.4897335
1	3.5029063
1	3.502228
1	3.5333128
1	3.4953237
1	3.491445
1	3.4996274
1	3.5709023
1	3.4941485
1	3.502878
1	3.4954042
1	3.4856837
1	3.4868894
1	3.487658
1	3.5212686
1	3.543632
1	3.5211802
1	3.5324888
1	3.4803267
1	3.5178285
1	3.4879029
1	3.4818654
1	3.48367
1	3.4676595
1	3.5164037
1	3.5073109
1	3.5538282
1	3.5942318
1	3.592547
1	3.5229592
1	3.5198479
1	3.5285606
1	3.5061772
1	3.532754
1	3.528707
1	3.5286813
1	3.5400608
1	3.5065525
1	3.5082817
1	3.5034518
1	3.50788
1	3.50783
2	3.5046978
2	3.5368721
2	3.5009964
2	3.501949
2	3.5202327
2	3.5213633
2	3.5640402
2	3.5196495
2	3.5341935
2	3.4899323
2	3.4907038
2	3.493688
2	3.5335932
2	3.490982
2	3.4908547
2	3.5264819
2	3.5147424
2	3.515064
2	3.5259902
2	3.5258594
2	3.538802
2	3.4935331
2	3.5379298
2	3.4932563
2	3.4858668
2	3.4995537
2	3.5368629
2	3.5729527
2	3.5566447
2	3.5866153
2	3.5717397
2	3.5838757
2	3.6247735
2	3.5019639
2	3.5509007
2	3.5626326
2	3.529973
2	3.5315256
2	3.524632
2	3.5312424
2	3.524657
2	3.524996
2	3.4884121
2	3.5555909
2	3.5238557
2	3.4733381
2	3.513063
2	3.5132332
2	3.5329509
2	3.532554
2	3.5292554
2	3.523019
2	3.513366
2	3.4780395
2	3.479032
2	3.462151
2	3.4734297
2	3.4730356
2	3.463767
2	3.5264487
2	3.5294502
2	3.6316633
2	3.651555
2	3.6301448
2	3.5962596
2	3.5290513
2	3.6002889
2	3.6008217
2	3.530667
2	3.4958992
2	3.500042
2	3.558826
2	3.5206459
2	3.5313892
2	3.5508037
2	3.5007577
2	3.4739265
2	3.4855509
2	3.4865391
2	3.493537
2	3.5000627
2	3.4951386
2	3.4958365
2	3.5238357
2	3.539899
2	3.537615
2	3.526595
2	3.5756645
2	3.544518
2	3.5593362
2	3.5469718
2	3.5740206
2	3.4921377
2	3.5478084
2	3.5045233
2	3.4934707
2	3.5488193
2	3.5047002
2	3.4691057
2	3.469802
2	3.5760803
2	3.5326946
2	3.5437548
2	3.5322719
2	3.4988945
2	3.4705913
2	3.4773283
2	3.4699411
2	3.4886055
2	3.5041628
2	3.4975002
2	3.5003695
2	3.500416
2	3.4894505
2	3.5150783
2	3.5147033
2	3.4896245
2	3.5031366
2	3.4973814
2	3.524486
2	3.5218012
2	3.4933743
2	3.5237937
2	3.523213
2	3.5176442
2	3.5167065
2	3.5080595
2	3.5007591
2	3.499234
2	3.4993591
2	3.5004566
2	3.5092244
2	3.4995346
2	3.505445
2	3.4986615
2	3.456419
2	3.528641
2	3.5387259
2	3.4871876
2	3.5214021
2	3.4845483
2	3.4853463
2	3.484355
2	3.4925418
2	3.4854035
2	3.4841723
2	3.476114
2	3.4835172
2	3.549874
2	3.4750755
2	3.5154352
2	3.4760869
2	3.6093702
2	3.593976
2	3.5065546
2	3.5096784
2	3.5928268
2	3.5073748
2	3.568792
2	3.5165958
2	3.5177565
2	3.5176668
2	3.5401645
2	3.506764
2	3.5051906
2	3.5134156
2	3.5043433
2	3.495826
2	3.5383852
2	3.495898
2	3.50464
2	3.4955983
2	3.4792106
2	3.4790003
2	3.4941552
2	3.4823704
2	3.479185
2	3.4823174
2	3.482354
2	3.4688947
2	3.4778907
2	3.4777286
2	3.4874067
2	3.5480363
2	3.5185838
2	3.4884098
2	3.539192
2	3.5066683
2	3.5223477
2	3.536002
2	3.5071838
2	3.5356371
2	3.507209
2	3.5071492
2	3.4876323
2	3.5261312
2	3.5245714
2	3.4887426
2	3.4824357
2	3.5271478
2	3.5263867
2	3.5330548
2	3.5609756
2	3.5235581
2	3.525649
2	3.5627685
2	3.5551877
2	3.5567431
2	3.5872815
2	3.6274269
2	3.5024128
2	3.586205
2	3.5155926
2	3.5561085
2	3.5561516
2	3.5067844
2	3.5068333
2	3.4810264
2	3.499189
2	3.466269
2	3.466046
2	3.4995704
2	3.498547
2	3.4921298
2	3.5010467
2	3.5384567
2	3.5138283
2	3.4932237
2	3.4925663
2	3.488154
2	3.5026982
2	3.4707894
2	3.4736915
2	3.4749243
2	3.4766648
2	3.470841
2	3.4757102
2	3.4955025
2	3.4765916
2	3.475098
2	3.477534
2	3.519759
2	3.4756894
2	3.5091765
2	3.4739308
2	3.4735649
2	3.5098808
2	3.5016751
2	3.4919186
2	3.498715
2	3.503571
2	3.5001183
2	3.4853954
2	3.5016942
2	3.4812536
2	3.4808826
2	3.5021718
2	3.480751
2	3.4805384
2	3.468034
2	3.4638615
2	3.4867885
2	3.6307766
2	3.5587502
2	3.5146565
2	3.5666716
2	3.5173554
2	3.5012808
2	3.4886823
2	3.4729905
2	3.4961948
2	3.4886765
2	3.4889593
2	3.4765058
2	3.486867
2	3.468686
2	3.479432
2	3.4685342
2	3.4687178
2	3.4948478
2	3.5350842
2	3.5095482
2	3.4983466
2	3.498017
2	3.4747567
2	3.4817576
2	3.4704013
2	3.494792
2	3.4966571
2	3.5143971
2	3.4971514
2	3.4846506
2	3.5027022
2	3.4779782
2	3.4849374
2	3.4774168
2	3.4850125
2	3.4765956
2	3.4845734
2	3.4846592
2	3.479288
2	3.483673
2	3.4844196
2	3.492693
2	3.4836967
2	3.522308
2	3.5750139
2	3.5198288
2	3.5406084
2	3.529128
2	3.5220456
2	3.5409448
2	3.5271037
2	3.4771152
2	3.4863431
2	3.5065343
2	3.466477
2	3.5066648
2	3.4770794
2	3.4767957
2	3.5169415
2	3.516291
2	3.516305
2	3.5208316
2	3.4883327
2	3.5023518
2	3.5254576
2	3.5030768
2	3.5248241
2	3.5243092
2	3.565035
2	3.548881
2	3.5135274
2	3.5254688
2	3.474059
2	3.5120454
2	3.5127034
2	3.5018723
2	3.5017772
2	3.5252163
2	3.502692
2	3.5027914
2	3.5133576
2	3.5106738
2	3.4556413
2	3.5295904
2	3.5107973
2	3.5526733
2	3.5587742
2	3.5527506
2	3.5520606
2	3.5728493
2	3.5332484
2	3.517312
2	3.543307
2	3.506146
2	3.5117042
2	3.5178094
2	3.5006986
2	3.5382905
2	3.510212
2	3.5175881
2	3.5010722
2	3.5511208
2	3.516793
2	3.5055687
2	3.5289943
2	3.516437
2	3.545791
2	3.555081
2	3.5171652
2	3.5445795
2	3.484382
2	3.522518
2	3.5108352
2	3.4997365
2	3.4810145
2	3.4913673
2	3.4871507
2	3.5816092
2	3.506674
2	3.4793842
2	3.4803848
2	3.4996386
2	3.480083
2	3.4765148
2	3.491834
2	3.4910262
2	3.5079575
2	3.5668547
2	3.542674
2	3.5651197
2	3.5654879
2	3.5085893
2	3.5652468
2	3.464482
2	3.4999862
2	3.500257
2	3.456406
2	3.5108354
2	3.455062
2	3.4999208
2	3.5044372
2	3.5372236
2	3.557508
2	3.4717417
2	3.4756627
2	3.475907
2	3.4707384
2	3.475506
2	3.528764
2	3.5158885
2	3.487957
2	3.5029411
2	3.503543
2	3.5040827
2	3.510704
2	3.5128555
2	3.5460927
2	3.5128589
2	3.5106983
2	3.51348
2	3.4978266
2	3.5087953
2	3.5299163
2	3.497009
2	3.496945
2	3.4935877
2	3.5067258
2	3.4603379
2	3.4458997
2	3.449734
2	3.5296252
2	3.5030735
2	3.5342383
2	3.5023866
2	3.4936879
2	3.4919436
2	3.5295696
2	3.529591
2	3.5299623
2	3.5215218
2	3.481143
2	3.481727
2	3.4931517
2	3.4780083
2	3.5213518
2	3.5224187
2	3.5234053
2	3.475641
2	3.4756095
2	3.4535851
2	3.453841
2	3.4779775
2	3.475018
2	3.4779592
2	3.497538
2	3.4881082
2	3.5128806
2	3.5272725
2	3.4880543
2	3.4883003
2	3.4889202
2	3.4889064
2	3.4909692
2	3.5101554
2	3.50515
2	3.547435
2	3.5133052
2	3.5421934
3	3.5020447
3	3.5357862
3	3.5017166
3	3.5436563
3	3.5305023
3	3.5304403
3	3.5271823
3	3.528197
3	3.531321
3	3.5477881
3	3.5275645
3	3.52219
3	3.5270984
3	3.5264335
3	3.4958866
3	3.501675
3	3.4961247
3	3.495713
3	3.501522
3	3.496108
3	3.4974408
3	3.5209346
3	3.4978132
3	3.5091233
3	3.530453
3	3.5301104
3	3.5291345
3	3.5161936
3	3.5165086
3	3.5364904
3	3.536645
3	3.5275688
3	3.5167367
3	3.4975567
3	3.5892456
3	3.5348346
3	3.5467863
3	3.561064
3	3.5505085
3	3.550016
3	3.5342584
3	3.4871893
3	3.4854064
3	3.4865155
3	3.5332994
3	3.4553018
3	3.4586234
3	3.4667559
3	3.4537392
3	3.4971461
3	3.4560997
3	3.4561267
3	3.4660447
3	3.4664116
3	3.4665313
3	3.472694
3	3.4792614
3	3.571262
3	3.5583048
3	3.5716486
3	3.5137014
3	3.5579352
3	3.5716422
3	3.4891744
3	3.474179
3	3.471559
3	3.474862
3	3.4751732
3	3.4887888
3	3.475603
3	3.475417
3	3.543426
3	3.5409636
3	3.4787655
3	3.476467
3	3.4734535
3	3.5013514
3	3.4982297
3	3.4982495
3	3.5048788
3	3.536449
3	3.536098
3	3.4705038
3	3.534963
3	3.475065
3	3.4727292
3	3.5382595
3	3.5339718
3	3.5040674
3	3.5039887
3	3.5404506
3	3.5051024
3	3.5403898
3	3.5290215
3	3.5046263
3	3.5402434
3	3.4946108
3	3.4937263
3	3.4957943
3	3.4955163
3	3.5211935
3	3.4986112
3	3.4968681
3	3.4973307
3	3.4965003
3	3.5263183
3	3.5250387
3	3.5266557
3	3.5390828
3	3.5262165
3	3.526581
3	3.5264697
3	3.480401
3	3.4804611
3	3.4968185
3	3.4747033
3	3.474722
3	3.5405324
3	3.5237098
3	3.4911585
3	3.5037677
3	3.5226545
3	3.504531
3	3.4872627
3	3.5249853
3	3.5354676
3	3.5247743
3	3.523261
3	3.5245323
3	3.4878426
3	3.5319664
3	3.4997962
3	3.5198286
3	3.4986842
3	3.4997392
3	3.5172791
3	3.5164895
3	3.5252092
3	3.5966458
3	3.5244188
3	3.5560892
3	3.5269563
3	3.5425863
3	3.605031
3	3.4961932
3	3.5104415
3	3.4983547
3	3.4956322
3	3.4983802
3	3.4987607
3	3.4983947
3	3.465921
3	3.5824125
3	3.5356824
3	3.5040698
3	3.5439596
3	3.5429702
3	3.546018
3	3.544972
3	3.5774536
3	3.521635
3	3.5430126
3	3.563555
3	3.5208511
3	3.4548583
3	3.4990282
3	3.460269
3	3.5608501
3	3.5737975
3	3.558843
3	3.495833
3	3.5581403
3	3.4998062
3	3.499814
3	3.5040016
3	3.5272915
3	3.600638
3	3.5583336
3	3.5079687
3	3.5115511
3	3.4267766
3	3.4160326
3	3.4252207
3	3.4310741
3	3.4712505
3	3.5082355
3	3.460653
3	3.4722505
3	3.4624138
3	3.465498
3	3.510005
3	3.564788
3	3.571234
3	3.5121284
3	3.4867456
3	3.4538507
3	3.48671
3	3.4538805
3	3.4776783
3	3.4990246
3	3.4813242
3	3.5124922
3	3.5014377
3	3.5157573
3	3.500883
3	3.5005875
3	3.4644368
3	3.480411
3	3.4660966
3	3.465193
3	3.4648957
3	3.4751947
3	3.4780054
3	3.4756894
3	3.4785097
3	3.4808683
3	3.4767222
3	3.5137615
3	3.5138614
3	3.477921
3	3.4777138
3	3.4776628
3	3.486666
3	3.490952
3	3.4726
3	3.4726365
3	3.4910846
3	3.49587
3	3.5157743
3	3.4727962
3	3.510068
3	3.473127
3	3.5010138
3	3.5096924
3	3.5112329
3	3.5017428
3	3.4507475
3	3.5013027
3	3.5655365
3	3.511586
3	3.5121622
3	3.533125
3	3.5017557
3	3.485757
3	3.5027003
3	3.4724243
3	3.4753594
3	3.4800973
3	3.4754267
3	3.4876037
3	3.515573
3	3.4788265
3	3.4744196
3	3.5912144
3	3.6070516
3	3.5683408
3	3.5715542
3	3.5688472
3	3.4810457
3	3.481083
3	3.480989
3	3.482294
3	3.4814155
3	3.453855
3	3.4696274
3	3.471391
3	3.4766295
3	3.476312
3	3.4765782
3	3.4714804
3	3.4695659
3	3.4697995
3	3.4925218
3	3.4926906
3	3.4827504
3	3.4704475
3	3.4919474
3	3.47023
3	3.5239444
3	3.4913993
3	3.4875631
3	3.4764643
3	3.4759119
3	3.505395
3	3.5134
3	3.4877264
3	3.5132031
3	3.4841418
3	3.505063
3	3.5115798
3	3.5054972
3	3.470624
3	3.4746113
3	3.5044546
3	3.4968991
3	3.5030642
3	3.5024753
3	3.5024667
3	3.5085866
3	3.481853
3	3.49934
3	3.533143
3	3.5022845
3	3.467883
3	3.4706511
3	3.4791126
3	3.4792805
3	3.4900222
3	3.471415
3	3.4715536
3	3.4681346
3	3.5033634
3	3.5022593
3	3.4960682
3	3.5202513
3	3.496174
3	3.5102797
3	3.501192
3	3.4989786
3	3.468954
3	3.4812088
3	3.4629717
3	3.46923
3	3.469705
3	3.4811149
3	3.5205526
3	3.50625
3	3.5206537
3	3.520512
3	3.4952981
3	3.4874225
3	3.4921331
3	3.5043716
3	3.586863
3	3.5878112
3	3.5667017
3	3.585893
3	3.5565505
3	3.5559418
3	3.5558763
3	3.5640297
3	3.5207126
3	3.5207822
3	3.5489233
3	3.5216994
3	3.5165873
3	3.5097082
3	3.509556
3	3.5166786
3	3.5075443
3	3.5165548
3	3.495226
3	3.472136
3	3.5166793
3	3.5045593
3	3.495927
3	3.5622427
3	3.562285
3	3.4669755
3	3.4660416
3	3.486615
3	3.509801
3	3.523202
3	3.5100179
3	3.51682
3	3.461069
3	3.5035543
3	3.4783483
3	3.4857287
3	3.5296488
3	3.5148644
3	3.5033247
3	3.5032642
3	3.529865
3	3.51815
3	3.503265
3	3.5020702
3	3.5070624
3	3.529767
3	3.4984498
3	3.4959717
3	3.4954474
3	3.5226035
3	3.522901
3	3.544993
3	3.6136475
3	3.5203216
3	3.5438998
3	3.5543482
3	3.5546706
3	3.5189557
3	3.5551748
3	3.5180788
3	3.563064
3	3.5537748
3	3.4741967
3	3.518017
3	3.5281386
3	3.542634
3	3.4736543
3	3.4738448
3	3.5266638
3	3.499267
3	3.50211
3	3.5037165
3	3.5257175
3	3.502792
3	3.5114853
3	3.5246282
3	3.495508
3	3.4945154
3	3.510825
3	3.5096998
3	3.481069
3	3.4935813
3	3.5110273
3	3.5352898
3	3.5073056
3	3.5507884
3	3.5082245
3	3.5185468
3	3.508276
3	3.4963756
3	3.4857755
3	3.4936466
3	3.4847002
3	3.5029392
3	3.5217366
3	3.556702
3	3.5554771
3	3.5569162
3	3.5343516
3	3.518454
3	3.5360196
3	3.5448468
3	3.506431
3	3.4968529
3	3.5050607
3	3.5065758
3	3.4752495
3	3.466158
3	3.4736423
3	3.4743016
3	3.4630194
3	3.4654932
3	3.4639306
3	3.463095
3	3.5241773
3	3.5049639
3	3.5048378
3	3.4974272
3	3.4968355
3	3.4811952
3	3.4841366
3	3.5249944
3	3.5518966
3	3.5687475
3	3.5348003
3	3.548276
3	3.6136434
3	3.5272486
3	3.613381
3	3.5133824
3	3.5346785
3	3.520829
3	3.5219774
3	3.522744
3	3.5535116
3	3.552021
3	3.5811825
3	3.5526073
3	3.5547252
3	3.554079
3	3.494056
3	3.4929826
3	3.4882128
3	3.4885533
3	3.4891572
3	3.497922
3	3.533973
3	3.4928365
3	3.485394
3	3.4857554
3	3.486249
3	3.4858835
3	3.4858665
3	3.4785094
3	3.5152817
3	3.4681013
3	3.4985147
3	3.5396256
4	3.4991205
4	3.4963288
4	3.5204043
4	3.5076294
4	3.5052714
4	3.51549
4	3.50493
4	3.5060945
4	3.5038745
4	3.5055509
4	3.5238566
4	3.5051837
4	3.5435646
4	3.4987464
4	3.5435398
4	3.5090876
4	3.5065067
4	3.5057077
4	3.505228
4	3.487638
4	3.493527
4	3.4935305
4	3.5223544
4	3.4736736
4	3.5213828
4	3.4766624
4	3.5333865
4	3.5267682
4	3.5371094
4	3.5755832
4	3.6149447
4	3.5144193
4	3.5068736
4	3.5082235
4	3.5160236
4	3.5199912
4	3.5073893
4	3.508825
4	3.4736466
4	3.4758196
4	3.4951649
4	3.4951649
4	3.504508
4	3.4753942
4	3.4741237
4	3.4844022
4	3.4837224
4	3.4892828
4	3.5153599
4	3.4886975
4	3.4884174
4	3.4902282
4	3.5009716
4	3.4901798
4	3.5211897
4	3.492365
4	3.4929292
4	3.5055342
4	3.4890444
4	3.4953268
4	3.4948063
4	3.4894865
4	3.4959786
4	3.496149
4	3.4966273
4	3.5091777
4	3.4703166
4	3.477501
4	3.4836664
4	3.4931793
4	3.4924278
4	3.502819
4	3.501867
4	3.5752501
4	3.5626717
4	3.5748203
4	3.5747771
4	3.5329123
4	3.4821827
4	3.4768007
4	3.4872644
4	3.4870248
4	3.4799101
4	3.5136597
4	3.5122778
4	3.5101314
4	3.4743009
4	3.4889603
4	3.5004365
4	3.470916
4	3.4701967
4	3.4650786
4	3.4986467
4	3.483699
4	3.476356
4	3.485815
4	3.5101867
4	3.4720802
4	3.5209575
4	3.4809737
4	3.5082867
4	3.5023828
4	3.4620073
4	3.5013955
4	3.468903
4	3.4616299
4	3.4873857
4	3.4693878
4	3.4862328
4	3.473281
4	3.5323117
4	3.5030532
4	3.5428383
4	3.5035665
4	3.5026133
4	3.5099661
4	3.5092006
4	3.5082455
4	3.467218
4	3.5096292
4	3.4913523
4	3.5180707
4	3.51859
4	3.5177448
4	3.4992733
4	3.5138378
4	3.5141082
4	3.5221505
4	3.5146353
4	3.5277634
4	3.4701493
4	3.4890819
4	3.4599507
4	3.4879017
4	3.4867113
4	3.4909523
4	3.494164
4	3.4912348
4	3.4942203
4	3.4764435
4	3.4920092
4	3.4869492
4	3.487203
4	3.504139
4	3.4804957
4	3.482427
4	3.485628
4	3.4823623
4	3.4858365
4	3.48769
4	3.4758444
4	3.4761243
4	3.5003242
4	3.4768074
4	3.5058603
4	3.5009341
4	3.4831614
4	3.4961004
4	3.4918149
4	3.4691586
4	3.4735494
4	3.468979
4	3.4692981
4	3.4769754
4	3.5342703
4	3.4763014
4	3.4654632
4	3.495938
4	3.5019202
4	3.5139217
4	3.511092
4	3.5018196
4	3.487134
4	3.4860072
4	3.487509
4	3.5336967
4	3.5613022
4	3.5069823
4	3.4841805
4	3.4865546
4	3.536472
4	3.49647
4	3.4865394
4	3.4850159
4	3.4846933
4	3.5596912
4	3.537252
4	3.5589015
4	3.5180218
4	3.542152
4	3.519021
4	3.5167542
4	3.543149
4	3.5268898
4	3.541886
4	3.472532
4	3.4649415
4	3.476353
4	3.4721274
4	3.4646933
4	3.4987066
4	3.513311
4	3.490979
4	3.4886832
4	3.5035923
4	3.4814274
4	3.5085156
4	3.521155
4	3.5100222
4	3.5102544
4	3.5099497
4	3.508143
4	3.5140111
4	3.5199928
4	3.5047011
4	3.5062447
4	3.505888
4	3.5210552
4	3.520905
4	3.5085657
4	3.5069766
4	3.5476093
4	3.553593
4	3.4940307
4	3.5679607
4	3.5257075
4	3.5278952
4	3.504237
4	3.5032945
4	3.5132463
4	3.5166965
4	3.5028725
4	3.501959
4	3.5032682
4	3.4890847
4	3.4769394
4	3.4940977
4	3.4937577
4	3.4912436
4	3.491278
4	3.4770055
4	3.4989552
4	3.498382
4	3.493597
4	3.4926836
4	3.5051057
4	3.4878485
4	3.5566616
4	3.4911017
4	3.4972177
4	3.5354686
4	3.5108733
4	3.5013306
4	3.5103412
4	3.5175948
4	3.5063307
4	3.5203958
4	3.5159588
4	3.5183368
4	3.5168808
4	3.5173435
4	3.5177774
4	3.5304475
4	3.517093
4	3.514359
4	3.529335
4	3.5053668
4	3.5044384
4	3.4789255
4	3.5625103
4	3.5910096
4	3.481862
4	3.4776764
4	3.4885437
4	3.4772575
4	3.4806228
4	3.4830923
4	3.4850924
4	3.4847374
4	3.4809003
4	3.469365
4	3.4862428
4	3.5265882
4	3.5051565
4	3.5292904
4	3.5167234
4	3.4845197
4	3.4727802
4	3.4820437
4	3.4677494
4	3.466542
4	3.5356555
4	3.5018923
4	3.5106215
4	3.5018408
4	3.5027442
4	3.536297
4	3.5396633
4	3.5205896
4	3.5065503
4	3.5113678
4	3.53468
4	3.48949
4	3.4903584
4	3.4878256
4	3.4982429
4	3.4897814
4	3.4967895
4	3.4837089
4	3.491252
4	3.4839349
4	3.5322092
4	3.4913983
4	3.5030277
4	3.5002246
4	3.501965
4	3.5209928
4	3.5169015
4	3.5166526
4	3.5525033
4	3.5533803
4	3.4847302
4	3.5525942
4	3.4772253
4	3.5547523
4	3.5515864
4	3.573082
4	3.5555656
4	3.5835168
4	3.5606294
4	3.4784145
4	3.4689689
4	3.6157615
4	3.5488882
4	3.5066009
4	3.5231233
4	3.5074959
4	3.5154567
4	3.5241694
4	3.5885267
4	3.5656946
4	3.5469985
4	3.5770922
4	3.5275664
4	3.5406623
4	3.528262
4	3.5408223
4	3.4874794
4	3.4757013
4	3.4869852
4	3.4872365
4	3.4845016
4	3.4687822
4	3.5095851
4	3.5098827
4	3.5125813
4	3.5122519
4	3.541181
4	3.5563536
4	3.5196064
4	3.5302594
4	3.531158
4	3.5207262
4	3.5818627
4	3.5514698
4	3.505528
4	3.5287378
4	3.531196
4	3.5116754
4	3.513717
4	3.5135632
4	3.513216
4	3.5181293
4	3.5122988
4	3.5003383
4	3.5323272
4	3.5124583
4	3.4889047
4	3.5329137
4	3.4888387
4	3.5374713
4	3.539071
4	3.5265129
4	3.5103593
4	3.5366383
4	3.5386138
4	3.5106406
4	3.487099
4	3.5234594
4	3.523438
4	3.478434
4	3.511165
4	3.4865026
4	3.5107057
4	3.4999065
4	3.4849133
4	3.4736638
4	3.4894304
4	3.4889667
4	3.4740534
4	3.4911308
4	3.4908733
4	3.5232706
4	3.52239
4	3.5123298
4	3.5122192
4	3.4756856
4	3.4618835
4	3.4748769
4	3.468493
4	3.4749126
4	3.470709
4	3.4592195
4	3.464377
4	3.4575138
4	3.4706638
4	3.552602
4	3.50879
4	3.4705756
4	3.4673524
4	3.4662156
4	3.4570985
4	3.4706273
4	3.4638314
4	3.4659095
4	3.4937146
4	3.4930117
4	3.4730153
4	3.4746487
4	3.4921236
4	3.4767895
4	3.5015645
4	3.5110435
4	3.500153
4	3.4778788
4	3.5024838
4	3.529791
4	3.5111916
4	3.516606
4	3.498745
4	3.5150871
4	3.481413
4	3.480915
4	3.512496
4	3.523939
4	3.523685
4	3.511938
4	3.5275288
4	3.4909468
4	3.597095
4	3.6298318
4	3.6232252
4	3.6279488
4	3.4966388
4	3.4755168
4	3.4886827
4	3.4978714
4	3.4758968
4	3.4755104
4	3.5047026
4	3.46871
4	3.5026069
4	3.5038772
4	3.4890459
4	3.490247
4	3.4895098
4	3.5966094
5	3.5313191
5	3.593476
5	3.5330555
5	3.4793532
5	3.48797
5	3.4871812
5	3.487417
5	3.5207767
5	3.524798
5	3.524188
5	3.510478
5	3.5107808
5	3.5192437
5	3.5104322
5	3.5113678
5	3.5104604
5	3.5214639
5	3.4932814
5	3.5212054
5	3.469823
5	3.5017745
5	3.500939
5	3.4872434
5	3.480401
5	3.4856875
5	3.4859002
5	3.4820156
5	3.4856272
5	3.5366845
5	3.5153298
5	3.5157723
5	3.5212724
5	3.5160117
5	3.5040905
5	3.5351367
5	3.5110488
5	3.527419
5	3.5195358
5	3.5277455
5	3.5214586
5	3.520137
5	3.4967866
5	3.5003362
5	3.4863462
5	3.4920568
5	3.487239
5	3.4871144
5	3.4746041
5	3.4782863
5	3.4830263
5	3.5167959
5	3.5730953
5	3.5704584
5	3.5689185
5	3.5296285
5	3.5159655
5	3.4791484
5	3.4962015
5	3.504715
5	3.5111077
5	3.5252113
5	3.5110872
5	3.5077467
5	3.508796
5	3.5111217
5	3.5075426
5	3.4940872
5	3.4965916
5	3.4968085
5	3.5341418
5	3.5341697
5	3.4802973
5	3.5258727
5	3.5330324
5	3.5326872
5	3.492153
5	3.5011272
5	3.5168986
5	3.501315
5	3.5166185
5	3.5072212
5	3.4713893
5	3.4763103
5	3.479373
5	3.4750094
5	3.5143833
5	3.4861493
5	3.5094118
5	3.4952157
5	3.4915087
5	3.471859
5	3.4708843
5	3.4816692
5	3.4810572
5	3.4713445
5	3.5264492
5	3.542071
5	3.5755763
5	3.5394373
5	3.50103
5	3.505282
5	3.4895477
5	3.5053725
5	3.4898953
5	3.4895754
5	3.569229
5	3.519905
5	3.4930565
5	3.5082192
5	3.5178835
5	3.4907975
5	3.5054889
5	3.4947307
5	3.4622216
5	3.5544634
5	3.5553243
5	3.5579455
5	3.5577486
5	3.4943876
5	3.5324156
5	3.5079057
5	3.5021024
5	3.5022109
5	3.5027933
5	3.4880283
5	3.5020761
5	3.4829032
5	3.514883
5	3.4884295
5	3.491436
5	3.4920592
5	3.5382986
5	3.485805
5	3.5001273
5	3.4997578
5	3.4999452
5	3.5036085
5	3.5082052
5	3.5034382
5	3.4921892
5	3.5001278
5	3.5076485
5	3.4905849
5	3.4808588
5	3.4812992
5	3.4819832
5	3.4812744
5	3.462814
5	3.46144
5	3.5237598
5	3.492785
5	3.4700851
5	3.4808495
5	3.4964662
5	3.505889
5	3.5062525
5	3.5056176
5	3.4722474
5	3.50034
5	3.4996433
5	3.4993885
5	3.5203512
5	3.5229754
5	3.52221
5	3.5354905
5	3.557325
5	3.5971994
5	3.4719493
5	3.596017
5	3.4741037
5	3.4972703
5	3.5127158
5	3.4895577
5	3.5126767
5	3.5064101
5	3.493547
5	3.504535
5	3.5009587
5	3.496971
5	3.4935975
5	3.4762423
5	3.5008092
5	3.5001893
5	3.500269
5	3.5043273
5	3.524967
5	3.5072875
5	3.531754
5	3.5243063
5	3.5005941
5	3.4927213
5	3.5313172
5	3.5310583
5	3.5347435
5	3.500063
5	3.5006304
5	3.5347033
5	3.566936
5	3.5659142
5	3.565379
5	3.5656273
5	3.563527
5	3.481767
5	3.473732
5	3.4702454
5	3.4907732
5	3.4746118
5	3.4791331
5	3.478616
5	3.4727082
5	3.4702587
5	3.477194
5	3.4702291
5	3.5008647
5	3.4770389
5	3.469061
5	3.4984574
5	3.4764166
5	3.4899452
5	3.4763956
5	3.508582
5	3.488669
5	3.5249915
5	3.495536
5	3.5397878
5	3.5009232
5	3.501297
5	3.5181108
5	3.504346
5	3.5181766
5	3.4759035
5	3.4764986
5	3.475389
5	3.4921854
5	3.483491
5	3.4896765
5	3.501038
5	3.5008268
5	3.4895988
5	3.509892
5	3.5252404
5	3.488195
5	3.524498
5	3.463052
5	3.4745803
5	3.464605
5	3.5009327
5	3.497367
5	3.49635
5	3.495895
5	3.5188308
5	3.5105944
5	3.5319397
5	3.5207682
5	3.5109122
5	3.493021
5	3.5109005
5	3.506418
5	3.5126278
5	3.513064
5	3.531716
5	3.5349965
5	3.533645
5	3.6166477
5	3.6150565
5	3.5290072
5	3.5388002
5	3.6129115
5	3.5294797
5	3.504527
5	3.5068638
5	3.5053318
5	3.5046911
5	3.4801526
5	3.4837637
5	3.4838006
5	3.4794717
5	3.4781623
5	3.475523
5	3.4840724
5	3.463394
5	3.4669118
5	3.4637387
5	3.475215
5	3.4983177
5	3.5238307
5	3.5363164
5	3.5573816
5	3.500021
5	3.5354702
5	3.5345278
5	3.4935238
5	3.5356736
5	3.534907
5	3.5194225
5	3.5392854
5	3.5383136
5	3.5337641
5	3.491925
5	3.5420587
5	3.4885454
5	3.514996
5	3.522874
5	3.50172
5	3.5108085
5	3.5018706
5	3.5285192
5	3.524416
5	3.482487
5	3.4806635
5	3.527468
5	3.5233772
5	3.528436
5	3.5302134
5	3.5294523
5	3.5308473
5	3.529441
5	3.4574578
5	3.498612
5	3.4621167
5	3.4601088
5	3.4559546
5	3.5053656
5	3.5124707
5	3.5149498
5	3.523223
5	3.5187154
5	3.525058
5	3.509963
5	3.5087192
5	3.525199
5	3.4896839
5	3.492059
5	3.4942913
5	3.4919643
5	3.4897845
5	3.4837885
5	3.5137973
5	3.5142057
5	3.5012126
5	3.5137317
5	3.5134468
5	3.5227256
5	3.4614837
5	3.489238
5	3.477605
5	3.478046
5	3.4615345
5	3.4892778
5	3.4771812
5	3.4714735
5	3.475705
5	3.4716787
5	3.5270867
5	3.5359895
5	3.5164685
5	3.5115314
5	3.5615418
5	3.5070577
5	3.5084991
5	3.4621868
5	3.4639287
5	3.5101848
5	3.4638135
5	3.5142622
5	3.5024831
5	3.5185456
5	3.5025673
5	3.512257
5	3.515946
5	3.5122917
5	3.512683
5	3.5153713
5	3.5109382
5	3.4910195
5	3.5246012
5	3.482246
5	3.4998143
5	3.4905725
5	3.474832
5	3.4859686
5	3.4752135
5	3.4779828
5	3.4776516
5	3.477822
5	3.4934027
5	3.5049498
5	3.5043437
5	3.5037997
5	3.4948568
5	3.52284
5	3.5127635
5	3.502411
5	3.5004578
5	3.5001113
5	3.5143175
5	3.5146399
5	3.5154696
5	3.5233462
5	3.5049584
5	3.5025573
5	3.501931
5	3.491136
5	3.491016
5	3.4932456
5	3.560702
5	3.5578117
5	3.4922414
5	3.4915686
5	3.4946415
5	3.4900951
5	3.4848998
5	3.4852676
5	3.4782624
5	3.5184155
5	3.5213785
5	3.5214071
5	3.5176957
5	3.5189981
5	3.4682837
5	3.4705124
5	3.518172
5	3.5309665
5	3.5992737
5	3.5678458
5	3.5863075
5	3.4825299
5	3.5015259
5	3.5112486
5	3.4826722
5	3.4989953
5	3.458816
5	3.4574327
5	3.4584882
5	3.4797447
5	3.4798608
5	3.4691172
5	3.479878
5	3.5521455
5	3.5164042
5	3.497225
5	3.4949517
5	3.5098033
5	3.4954734
5	3.6261792
5	3.6412828
5	3.6131334
5	3.6415281
5	3.6407177
5	3.6101913
5	3.499957
5	3.5235069
5	3.5443673
5	3.4932623
5	3.5008082
5	3.5599844
5	3.5536005
5	3.555225
5	3.5199356
5	3.510204
5	3.5120497
5	3.5563567
5	3.5522103
5	3.556075
5	3.5571935
5	3.5468388
5	3.5398982
5	3.5377388
5	3.5393214
5	3.526882
5	3.5269895
5	3.5538287
5	3.5273762
5	3.5273967
6	3.5269125
6	3.5987873
6	3.5957673
6	3.6245613
6	3.595939
6	3.5863335
6	3.5948353
6	3.6056523
6	3.5955334
6	3.5787861
6	3.5474703
6	3.5798855
6	3.5709202
6	3.5692296
6	3.5797617
6	3.5863168
6	3.5377398
6	3.5875106
6	3.5295563
6	3.6217866
6	3.5315433
6	3.6195774
6	3.543909
6	3.6381893
6	3.5214274
6	3.6046734
6	3.5888395
6	3.5461187
6	3.5257592
6	3.5468907
6	3.546895
6	3.5213063
6	3.5464623
6	3.526924
6	3.5712652
6	3.5895483
6	3.568554
6	3.5177257
6	3.5493019
6	3.5184555
6	3.580258
6	3.5659583
6	3.5733852
6	3.5714033
6	3.5657203
6	3.5676658
6	3.5755782
6	3.5422437
6	3.5059786
6	3.5290537
6	3.5287292
6	3.550488
6	3.555297
6	3.550871
6	3.5504637
6	3.5510476
6	3.6343331
6	3.5634313
6	3.5808957
6	3.5808878
6	3.577814
6	3.5526748
6	3.5665302
6	3.574669
6	3.547295
6	3.562088
6	3.5296466
6	3.5284138
6	3.5318382
6	3.5400758
6	3.598359
6	3.5987172
6	3.5321481
6	3.5332081
6	3.509131
6	3.534556
6	3.5096116
6	3.4889376
6	3.504142
6	3.5270329
6	3.5051754
6	3.5055375
6	3.5273144
6	3.510733
6	3.5233912
6	3.5068216
6	3.537178
6	3.5070033
6	3.5368388
6	3.5298784
6	3.6256542
6	3.6256554
6	3.536274
6	3.5236151
6	3.6216025
6	3.5226889
6	3.4876375
6	3.635116
6	3.5695271
6	3.6026292
6	3.5696893
6	3.6424193
6	3.651278
6	3.603437
6	3.6171756
6	3.6487641
6	3.6405115
6	3.5337002
6	3.5767512
6	3.5334857
6	3.5348656
6	3.4928799
6	3.5407903
6	3.575971
6	3.5743096
6	3.5253088
6	3.5190918
6	3.5215695
6	3.5194612
6	3.5100186
6	3.5324469
6	3.5321188
6	3.5535932
6	3.5538688
6	3.550851
6	3.5647206
6	3.601035
6	3.5677896
6	3.5631545
6	3.56362
6	3.5810432
6	3.5648332
6	3.5662937
6	3.599249
6	3.5916991
6	3.6035907
6	3.5317774
6	3.6001136
6	3.5341969
6	3.541017
6	3.53555
6	3.5023339
6	3.5507565
6	3.4995313
6	3.518301
6	3.517383
6	3.5164437
6	3.5136132
6	3.5704567
6	3.5618634
6	3.5586336
6	3.561894
6	3.566676
6	3.5520926
6	3.6326056
6	3.6307483
6	3.6311982
6	3.554264
6	3.6350837
6	3.5296786
6	3.5247006
6	3.5663896
6	3.577211
6	3.5754664
6	3.5768995
6	3.560308
6	3.5389438
6	3.563566
6	3.4909263
6	3.4973364
6	3.5659018
6	3.6046867
6	3.4930568
6	3.4938037
6	3.5137053
6	3.5024889
6	3.493906
6	3.5366282
6	3.5353398
6	3.493412
6	3.6089084
6	3.5698266
6	3.5688803
6	3.5581465
6	3.5090008
6	3.5675428
6	3.5043793
6	3.570878
6	3.5675411
6	3.6122777
6	3.5253158
6	3.5394552
6	3.6076124
6	3.653011
6	3.6077533
6	3.504967
6	3.5044909
6	3.6185355
6	3.599105
6	3.6003952
6	3.5820727
6	3.5866518
6	3.5860739
6	3.5966713
6	3.588452
6	3.579906
6	3.5873897
6	3.571282
6	3.5713406
6	3.5836143
6	3.5833495
6	3.572509
6	3.5722258
6	3.5722504
6	3.5767083
6	3.528119
6	3.556552
6	3.5763834
6	3.5826557
6	3.574309
6	3.5922046
6	3.5506659
6	3.5861115
6	3.551648
6	3.5857067
6	3.5925953
6	3.543703
6	3.6137178
6	3.5845656
6	3.5711412
6	3.605996
6	3.5704772
6	3.5001268
6	3.5599394
6	3.5012429
6	3.5719588
6	3.501228
6	3.5614452
6	3.5610409
6	3.5850215
6	3.5807443
6	3.5638795
6	3.562148
6	3.5135791
6	3.5664632
6	3.5260954
6	3.5170946
6	3.577516
6	3.5155182
6	3.5373888
6	3.571735
6	3.573218
6	3.5691338
6	3.5849931
6	3.6070848
6	3.6073565
6	3.6045766
6	3.5691538
6	3.5850368
6	3.559988
6	3.5981803
6	3.630782
6	3.563114
6	3.5196757
6	3.522207
6	3.5648425
6	3.5615468
6	3.5668893
6	3.5623684
6	3.5638828
6	3.5536206
6	3.5415232
6	3.5621219
6	3.5037313
6	3.5131183
6	3.5434313
6	3.504737
6	3.5284958
6	3.5323582
6	3.5526938
6	3.545464
6	3.5325117
6	3.6749992
6	3.5991688
6	3.4998238
6	3.5273504
6	3.520291
6	3.511154
6	3.5536091
6	3.5119967
6	3.5574274
6	3.6092827
6	3.5442677
6	3.5933993
6	3.595603
6	3.5928862
6	3.5954463
6	3.5237184
6	3.5500386
6	3.558487
6	3.5487316
6	3.5221057
6	3.525018
6	3.5394912
6	3.5514436
6	3.5488985
6	3.5549603
6	3.5966487
6	3.5410013
6	3.583837
6	3.5868409
6	3.5979602
6	3.5966787
6	3.506571
6	3.623857
6	3.626886
6	3.6253204
6	3.6200316
6	3.6103368
6	3.5690634
6	3.5690978
6	3.552136
6	3.5503168
6	3.551226
6	3.5749831
6	3.56775
6	3.604283
6	3.6033363
6	3.603944
6	3.5624256
6	3.5151663
6	3.5005991
6	3.595007
6	3.5597105
6	3.5950215
6	3.6141438
6	3.6032817
6	3.5480056
6	3.5768745
6	3.5781305
6	3.5692465
6	3.5987616
6	3.5991416
6	3.5685973
6	3.546383
6	3.5489902
6	3.549039
6	3.5562913
6	3.5689607
6	3.537108
6	3.536509
6	3.5872855
6	3.5338316
6	3.5346203
6	3.5475147
6	3.5379515
6	3.5462768
6	3.5571916
6	3.560411
6	3.5826898
6	3.5888958
6	3.5938559
6	3.5816197
6	3.5815935
6	3.498694
6	3.5244877
6	3.4977973
6	3.5810375
6	3.6028163
6	3.546544
6	3.5933313
6	3.5419598
6	3.5922117
6	3.5959702
6	3.5951781
6	3.543793
6	3.5094924
6	3.5654182
6	3.533986
6	3.5654554
6	3.5436354
6	3.5119433
6	3.4998393
6	3.4984164
6	3.505178
6	3.503704
6	3.5340896
6	3.4981227
6	3.5495584
6	3.647741
6	3.634386
6	3.6159935
6	3.6456487
6	3.5890017
6	3.5896633
6	3.6464086
6	3.582828
6	3.5809813
6	3.5823126
6	3.5822892
6	3.5956297
6	3.5519447
6	3.534339
6	3.513703
6	3.507013
6	3.5209985
6	3.5044012
6	3.5481567
6	3.5976148
6	3.5961058
6	3.6020312
6	3.5954456
6	3.595728
6	3.6376314
6	3.5338593
6	3.5855494
6	3.5918853
6	3.5705047
6	3.5831454
6	3.4872906
6	3.486903
6	3.5294142
6	3.4890544
6	3.500808
6	3.527541
6	3.488471
6	3.565517
6	3.5346618
6	3.5351086
6	3.515034
6	3.5558
6	3.5552793
6	3.5222957
6	3.5226104
6	3.5212522
6	3.58962
6	3.561082
6	3.5607283
6	3.563302
6	3.6564488
6	3.655848
6	3.6017027
6	3.65337
6	3.6039329
6	3.603416
6	3.6587358
6	3.638122
6	3.636168
6	3.3762112
6	3.5913029
6	3.5665836
6	3.4787092
6	3.5750313
6	3.5460143
6	3.5454507
6	3.5586793
6	3.547121
6	3.5398934
6	3.5309844
6	3.531396
6	3.527991
6	3.5320144
6	3.5937603
6	3.545917
6	3.5599809
6	3.620467
6	3.6203098
6	3.5554748
6	3.6162786
6	3.569025
6	3.5434148
6	3.547117
6	3.5628748
6	3.5628686
6	3.5486088
6	3.562904
6	3.5665202
6	3.5562725
6	3.4888687
6	3.4881675
6	3.5181403
6	3.4888525
6	3.667098
6	3.5309272
6	3.5518124
6	3.6245592
6	3.513022
6	3.5560076
6	3.508433
6	3.4779112
6	3.511527
6	3.5685196
6	3.4939437
7	3.5080242
7	3.566905
7	3.5760777
7	3.569118
7	3.5129054
7	3.5191522
7	3.5190985
7	3.53442
7	3.5440078
7	3.52252
7	3.5096083
7	3.5407715
7	3.5115442
7	3.5476031
7	3.5111084
7	3.4866338
7	3.5099185
7	3.6114073
7	3.6126723
7	3.59935
7	3.5600128
7	3.6499119
7	3.5586658
7	3.5589957
7	3.5587513
7	3.5590847
7	3.5714533
7	3.5644782
7	3.5617292
7	3.5114884
7	3.5670075
7	3.5180702
7	3.564259
7	3.5385578
7	3.5418258
7	3.5733168
7	3.541828
7	3.5395162
7	3.5390086
7	3.5194688
7	3.6133413
7	3.6219301
7	3.6198254
7	3.5567303
7	3.5234725
7	3.5367587
7	3.543712
7	3.5449917
7	3.5451949
7	3.578181
7	3.5783405
7	3.5730581
7	3.544996
7	3.5428057
7	3.550888
7	3.559857
7	3.5397534
7	3.5525014
7	3.5625734
7	3.5648015
7	3.5869846
7	3.5743163
7	3.5777485
7	3.5588405
7	3.5744817
7	3.5322437
7	3.51509
7	3.5383377
7	3.5383997
7	3.5325427
7	3.560411
7	3.5360959
7	3.5321434
7	3.5922832
7	3.562581
7	3.5522983
7	3.5521014
7	3.592021
7	3.557406
7	3.562848
7	3.5511913
7	3.537764
7	3.5454428
7	3.531845
7	3.5323257
7	3.5446315
7	3.5506494
7	3.6261926
7	3.6358385
7	3.5479088
7	3.5537639
7	3.5075078
7	3.540977
7	3.578415
7	3.5773854
7	3.5959728
7	3.575377
7	3.5966396
7	3.5761244
7	3.593964
7	3.5716643
7	3.5768757
7	3.462358
7	3.4681187
7	3.548045
7	3.4759223
7	3.471932
7	3.4664426
7	3.4812558
7	3.4719732
7	3.5272884
7	3.5275264
7	3.5054126
7	3.5088701
7	3.5267992
7	3.5246701
7	3.5059114
7	3.5624585
7	3.5683832
7	3.5678892
7	3.589059
7	3.562874
7	3.5526328
7	3.5365868
7	3.5534496
7	3.5808117
7	3.614057
7	3.5846205
7	3.5844889
7	3.5848842
7	3.529253
7	3.6379223
7	3.630817
7	3.5332916
7	3.561091
7	3.5593936
7	3.6202283
7	3.5882773
7	3.60505
7	3.616046
7	3.5850506
7	3.5651999
7	3.5657973
7	3.55095
7	3.5629058
7	3.5708833
7	3.5805485
7	3.5700555
7	3.5705101
7	3.5801806
7	3.569697
7	3.569996
7	3.5696726
7	3.598237
7	3.5294306
7	3.5285296
7	3.4890776
7	3.5652807
7	3.490276
7	3.5495214
7	3.5492144
7	3.58463
7	3.5823798
7	3.5185409
7	3.540583
7	3.5800376
7	3.5801692
7	3.612453
7	3.6043448
7	3.5503085
7	3.5959961
7	3.5539422
7	3.5527143
7	3.518272
7	3.5124035
7	3.5154452
7	3.519262
7	3.5144544
7	3.6239152
7	3.6182303
7	3.5967073
7	3.6004987
7	3.5976598
7	3.611812
7	3.5977278
7	3.5251741
7	3.517211
7	3.596835
7	3.5193768
7	3.5267706
7	3.572454
7	3.5137177
7	3.617557
7	3.5959277
7	3.5920453
7	3.5171134
7	3.5899496
7	3.5165732
7	3.545895
7	3.544035
7	3.508264
7	3.545368
7	3.5307693
7	3.5614047
7	3.5606382
7	3.5165482
7	3.596991
7	3.533993
7	3.5346956
7	3.6158583
7	3.61339
7	3.532842
7	3.530485
7	3.6125746
7	3.5313742
7	3.5344782
7	3.5353305
7	3.531969
7	3.5335624
7	3.5301003
7	3.5328915
7	3.571844
7	3.5718384
7	3.5363367
7	3.4630518
7	3.4904118
7	3.5343244
7	3.4923322
7	3.4651012
7	3.546678
7	3.577321
7	3.5579062
7	3.585122
7	3.5842376
7	3.5866716
7	3.5837731
7	3.5543032
7	3.5804749
7	3.5805645
7	3.522336
7	3.5233798
7	3.5786657
7	3.525504
7	3.610652
7	3.5940354
7	3.5520165
7	3.584043
7	3.552587
7	3.5671992
7	3.5814686
7	3.5064101
7	3.5340936
7	3.508253
7	3.5805361
7	3.542296
7	3.5724998
7	3.5771017
7	3.5672076
7	3.5798378
7	3.6081347
7	3.558482
7	3.5019436
7	3.512704
7	3.5379732
7	3.4975286
7	3.539845
7	3.5842478
7	3.6190035
7	3.544787
7	3.5662632
7	3.5444345
7	3.5505462
7	3.5662606
7	3.5296602
7	3.6436477
7	3.6436582
7	3.4963408
7	3.6283638
7	3.5407007
7	3.636683
7	3.633084
7	3.598608
7	3.613018
7	3.6300442
7	3.598299
7	3.5580888
7	3.5488496
7	3.581878
7	3.550715
7	3.5571227
7	3.5942712
7	3.5853405
7	3.5535898
7	3.5916345
7	3.5472565
7	3.6447256
7	3.550397
7	3.6336331
7	3.5496843
7	3.5957518
7	3.4936507
7	3.4921498
7	3.6006875
7	3.4952655
7	3.5806994
7	3.6872005
7	3.692726
7	3.6841676
7	3.5998702
7	3.5140285
7	3.514567
7	3.5141296
7	3.5776987
7	3.516571
7	3.5164783
7	3.5736132
7	3.5737083
7	3.5165684
7	3.5152392
7	3.6122737
7	3.5191362
7	3.5997272
7	3.6291842
7	3.5832567
7	3.5375805
7	3.5831413
7	3.6290903
7	3.6589766
7	3.6574645
7	3.639468
7	3.6223917
7	3.6597097
7	3.6580927
7	3.5801227
7	3.6086316
7	3.6293454
7	3.606791
7	3.6063566
7	3.6222835
7	3.6071494
7	3.5754888
7	3.5752041
7	3.5748713
7	3.5682588
7	3.5778818
7	3.683339
7	3.69309
7	3.5408556
7	3.5760002
7	3.5621138
7	3.5762758
7	3.574535
7	3.5773025
7	3.589275
7	3.532225
7	3.520318
7	3.5858407
7	3.5213108
7	3.475721
7	3.475861
7	3.484477
7	3.487874
7	3.4761457
7	3.5145288
7	3.5395362
7	3.5412784
7	3.5182896
7	3.537934
7	3.565777
7	3.5867918
7	3.5836167
7	3.584219
7	3.513768
7	3.5797353
7	3.48721
7	3.487511
7	3.5598938
7	3.5446377
7	3.5483894
7	3.5435567
7	3.5407388
7	3.5437977
7	3.5638552
7	3.5168004
7	3.5171716
7	3.529358
7	3.5650067
7	3.564375
7	3.5914774
7	3.563739
7	3.5159476
7	3.4988794
7	3.5189252
7	3.5177798
7	3.5539827
7	3.512644
7	3.505556
7	3.52154
7	3.5224552
7	3.527811
7	3.5445797
7	3.5436006
7	3.5286636
7	3.5367675
7	3.5431113
7	3.5284626
7	3.5350199
7	3.5218823
7	3.521503
7	3.5196717
7	3.5849204
7	3.586309
7	3.5850842
7	3.5771322
7	3.582645
7	3.527494
7	3.5813978
7	3.533239
7	3.525842
7	3.5275471
7	3.5223064
7	3.5297518
7	3.5120192
7	3.512015
7	3.5223105
7	3.5559385
7	3.5502043
7	3.5621758
7	3.5627763
7	3.551045
7	3.5552971
7	3.571191
7	3.5422716
7	3.5601778
7	3.5606554
7	3.5577767
7	3.5706527
7	3.5601647
7	3.5663195
7	3.5455208
7	3.5459414
7	3.5662136
7	3.5670786
7	3.5609128
7	3.5601473
7	3.565888
7	3.5606015
7	3.4824412
7	3.55268
7	3.5514636
7	3.4768348
7	3.4841876
7	3.476333
7	3.5620599
7	3.5615716
7	3.5474312
7	3.5430527
7	3.651622
7	3.618032
7	3.5844398
7	3.622652
7	3.6197393
7	3.6197329
7	3.6288853
7	3.5863936
7	3.6211925
7	3.5010443
7	3.5694282
7	3.5699997
7	3.5676332
7	3.5037794
7	3.5122812
7	3.5722992
7	3.5451698
7	3.5720296
7	3.5583606
7	3.61456
7	3.6143835
7	3.5659385
7	3.565917
7	3.547847
7	3.565936
7	3.556233
7	3.613033
7	3.5600681
7	3.6061213
7	3.5580864
7	3.5222888
7	3.5278618
7	3.529925
7	3.522272
7	3.5193543
7	3.5189142
7	3.5903325
7	3.6028216
7	3.588456
7	3.571659
7	3.5265467
7	3.548677
7	3.5487418
7	3.528129
7	3.5483718
7	3.5404415
7	3.5419536
8	3.5406294
8	3.5249343
8	3.482647
8	3.4884772
8	3.525673
8	3.4877691
8	3.4877815
8	3.628296
8	3.5456667
8	3.6307712
8	3.6322627
8	3.5392468
8	3.532577
8	3.5323963
8	3.557528
8	3.5330772
8	3.5566254
8	3.5333023
8	3.5401106
8	3.536007
8	3.5355082
8	3.5396883
8	3.5393996
8	3.5453064
8	3.5892882
8	3.5899367
8	3.5506387
8	3.4798667
8	3.481461
8	3.4827604
8	3.4829125
8	3.4827383
8	3.5169363
8	3.4709768
8	3.4712443
8	3.4712083
8	3.5248978
8	3.5244684
8	3.56209
8	3.519361
8	3.5604553
8	3.5658514
8	3.560355
8	3.583466
8	3.5842469
8	3.5504513
8	3.5816908
8	3.5595262
8	3.5525224
8	3.5648303
8	3.5804374
8	3.5647104
8	3.5257716
8	3.5194185
8	3.6021037
8	3.6105614
8	3.6072414
8	3.6079297
8	3.521969
8	3.5641003
8	3.5288212
8	3.5661225
8	3.561478
8	3.5193117
8	3.554073
8	3.5367367
8	3.4940093
8	3.5686457
8	3.567906
8	3.5678964
8	3.5439777
8	3.5679371
8	3.6101642
8	3.5568283
8	3.530691
8	3.6086788
8	3.5567546
8	3.6227336
8	3.5570416
8	3.6206107
8	3.6203117
8	3.5575936
8	3.5026653
8	3.506095
8	3.644955
8	3.622831
8	3.643784
8	3.6204715
8	3.6205192
8	3.6429558
8	3.5527864
8	3.5857286
8	3.5804608
8	3.5840216
8	3.5225003
8	3.5316145
8	3.5459175
8	3.530394
8	3.531117
8	3.6203136
8	3.5500274
8	3.5149868
8	3.5279877
8	3.514856
8	3.5277362
8	3.527667
8	3.553732
8	3.5194266
8	3.5556269
8	3.5257008
8	3.5126245
8	3.5005794
8	3.5118942
8	3.5259948
8	3.531086
8	3.5312219
8	3.5290625
8	3.529414
8	3.4878917
8	3.502569
8	3.5076144
8	3.5019436
8	3.5075164
8	3.496303
8	3.488003
8	3.5021677
8	3.50261
8	3.5737844
8	3.5723891
8	3.5753853
8	3.5743527
8	3.629539
8	3.6213486
8	3.6245346
8	3.6200554
8	3.6206658
8	3.6203065
8	3.6212497
8	3.6206543
8	3.5424204
8	3.592899
8	3.5446017
8	3.543662
8	3.6388416
8	3.4913957
8	3.4990704
8	3.6060462
8	3.6362443
8	3.5789528
8	3.584381
8	3.5883586
8	3.5880384
8	3.5297947
8	3.5309548
8	3.5281882
8	3.5307636
8	3.5264711
8	3.5293612
8	3.459849
8	3.4578161
8	3.4647894
8	3.4598885
8	3.4750423
8	3.5454984
8	3.5701718
8	3.5817254
8	3.5477724
8	3.548295
8	3.479383
8	3.496187
8	3.5053043
8	3.5030327
8	3.4846582
8	3.5832953
8	3.5506668
8	3.5499215
8	3.5329022
8	3.582673
8	3.6027133
8	3.6003902
8	3.6119385
8	3.5413394
8	3.549282
8	3.5580652
8	3.5429106
8	3.605483
8	3.651277
8	3.609262
8	3.607736
8	3.530771
8	3.5368235
8	3.640421
8	3.6403148
8	3.5324368
8	3.5460758
8	3.5659018
8	3.5362713
8	3.5655718
8	3.5655692
8	3.614592
8	3.6149573
8	3.6019583
8	3.6101656
8	3.5997267
8	3.6144938
8	3.5844603
8	3.5772357
8	3.5781894
8	3.5480824
8	3.5392144
8	3.5388699
8	3.5722013
8	3.5721076
8	3.5709133
8	3.5718224
8	3.5718343
8	3.5169206
8	3.5081954
8	3.5198913
8	3.5196853
8	3.5202713
8	3.5172486
8	3.523758
8	3.555274
8	3.555599
8	3.5243297
8	3.5645614
8	3.6340275
8	3.6357827
8	3.6311712
8	3.581748
8	3.5577488
8	3.5571156
8	3.5743294
8	3.5747159
8	3.597562
8	3.5449061
8	3.5599616
8	3.604497
8	3.567866
8	3.6010058
8	3.601977
8	3.5586872
8	3.5679052
8	3.5421853
8	3.515984
8	3.5466352
8	3.5768414
8	3.4920025
8	3.4935238
8	3.5357237
8	3.5259466
8	3.5565073
8	3.5261106
8	3.5255432
8	3.5376334
8	3.5231805
8	3.5355244
8	3.537572
8	3.558199
8	3.5676217
8	3.5582757
8	3.5678766
8	3.5478206
8	3.596323
8	3.6074548
8	3.550238
8	3.560943
8	3.5428548
8	3.5742168
8	3.5428004
8	3.5443912
8	3.6218147
8	3.621917
8	3.54739
8	3.6152933
8	3.5534108
8	3.5453455
8	3.5222058
8	3.5577927
8	3.5317943
8	3.557778
8	3.6183145
8	3.5877476
8	3.5890667
8	3.5852733
8	3.6160064
8	3.598764
8	3.5893028
8	3.5729246
8	3.5889258
8	3.5037854
8	3.6117969
8	3.5872674
8	3.6112738
8	3.5178862
8	3.6141636
8	3.6131718
8	3.5251465
8	3.522169
8	3.4971948
8	3.5114307
8	3.6449738
8	3.6113465
8	3.6092944
8	3.5995784
8	3.6109824
8	3.563923
8	3.5601745
8	3.520718
8	3.5900092
8	3.561162
8	3.600175
8	3.5801778
8	3.5993018
8	3.498807
8	3.4993262
8	3.5311832
8	3.5547893
8	3.5597425
8	3.61637
8	3.6169262
8	3.542488
8	3.5374444
8	3.537314
8	3.5407312
8	3.6140149
8	3.5728636
8	3.499779
8	3.5104828
8	3.5719516
8	3.5074804
8	3.5425954
8	3.5301538
8	3.5298455
8	3.5294693
8	3.5324407
8	3.5954828
8	3.5775328
8	3.5361443
8	3.5346572
8	3.6004024
8	3.5259697
8	3.5034497
8	3.5054374
8	3.5041733
8	3.528185
8	3.5055377
8	3.5893893
8	3.5563936
8	3.5701227
8	3.5879245
8	3.6015086
8	3.5829668
8	3.5975378
8	3.59617
8	3.6030426
8	3.4945729
8	3.5295548
8	3.5094225
8	3.5290537
8	3.5081475
8	3.4951801
8	3.5469377
8	3.5035849
8	3.5282874
8	3.5464785
8	3.5592911
8	3.548083
8	3.5202336
8	3.5321424
8	3.5303392
8	3.5325303
8	3.5297039
8	3.5207477
8	3.5429323
8	3.5711236
8	3.5822582
8	3.5604105
8	3.543096
8	3.582313
8	3.557155
8	3.5446103
8	3.604989
8	3.5905006
8	3.524557
8	3.5877812
8	3.5229805
8	3.5531054
8	3.4883065
8	3.48774
8	3.5516148
8	3.551569
8	3.479584
8	3.551336
8	3.6174893
8	3.5874677
8	3.615996
8	3.6119552
8	3.5605242
8	3.5604608
8	3.5585675
8	3.509146
8	3.5337787
8	3.5346575
8	3.533134
8	3.5340047
8	3.5116072
8	3.5266209
8	3.5423923
8	3.5202527
8	3.520771
8	3.5416913
8	3.5416462
8	3.54166
8	3.5210724
8	3.5210283
8	3.531832
8	3.531756
8	3.5210612
8	3.5921476
8	3.5946293
8	3.5898514
8	3.5923243
8	3.5246923
8	3.525559
8	3.539441
8	3.6361775
8	3.6325307
8	3.5421953
8	3.5450273
8	3.5273433
8	3.5935466
8	3.5907114
8	3.5880542
8	3.5819712
8	3.5959234
8	3.5490074
8	3.5950904
8	3.5619807
8	3.6046643
8	3.607222
8	3.6447954
8	3.6072235
8	3.6481247
8	3.6058748
8	3.4823754
8	3.5185852
8	3.4831364
8	3.51792
8	3.4818344
8	3.4824996
8	3.4878132
8	3.509942
8	3.4816144
8	3.4831803
8	3.4875555
8	3.6345277
8	3.6345205
8	3.5227757
8	3.6288185
8	3.6291418
8	3.6320322
8	3.629087
8	3.4829807
8	3.5000281
8	3.5122142
8	3.4993317
8	3.524747
8	3.5157263
8	3.583505
8	3.5935113
8	3.62591
8	3.5652502
8	3.5841336
8	3.585601
8	3.5208569
8	3.652708
8	3.527694
8	3.513457
8	3.5131707
8	3.530836
8	3.513629
8	3.5306792
8	3.5153148
8	3.513588
8	3.6051412
8	3.605401
8	3.6504304
8	3.601564
8	3.5611482
8	3.525054
8	3.5370517
8	3.5296912
8	3.5546687
8	3.5542796
8	3.5924675
8	3.5673838
8	3.5195208
8	3.5861502
8	3.5365644
8	3.5461733
8	3.5395129
8	3.5460293
8	3.536395
8	3.5362902
8	3.536667
8	3.5357537
8	3.5582628
8	3.5563767
8	3.5638404
8	3.5586462
8	3.5567589
8	3.6104665
8	3.61031
8	3.5918236
9	3.5826397
9	3.6105556
9	3.5177326
9	3.5605335
9	3.5580473
9	3.571898
9	3.5718908
9	3.5165505
9	3.5500252
9	3.6176949
9	3.5524364
9	3.6093485
9	3.5186045
9	3.5239058
9	3.5818338
9	3.584119
9	3.57943
9	3.5323586
9	3.5368617
9	3.5516772
9	3.5514219
9	3.5834525
9	3.58247
9	3.4923
9	3.4956956
9	3.4955745
9	3.4960299
9	3.571189
9	3.5334673
9	3.5340037
9	3.5637584
9	3.534799
9	3.5318918
9	3.5339627
9	3.5737538
9	3.5165577
9	3.5168114
9	3.5165153
9	3.516836
9	3.5234542
9	3.592513
9	3.564941
9	3.5359387
9	3.5295808
9	3.5356288
9	3.5749846
9	3.6256614
9	3.5559053
9	3.6228886
9	3.6232371
9	3.563221
9	3.5850625
9	3.6219134
9	3.582861
9	3.5656662
9	3.6105072
9	3.5402203
9	3.541501
9	3.5437894
9	3.5491853
9	3.548791
9	3.5439363
9	3.5582952
9	3.5565603
9	3.5586243
9	3.50441
9	3.5386517
9	3.5057726
9	3.557778
9	3.5288815
9	3.565875
9	3.5702739
9	3.5429125
9	3.575364
9	3.569293
9	3.5687165
9	3.569986
9	3.5746126
9	3.538826
9	3.55331
9	3.5549145
9	3.542216
9	3.5527582
9	3.4771369
9	3.4755926
9	3.5804303
9	3.4800549
9	3.4795854
9	3.5781183
9	3.5341868
9	3.5600762
9	3.5832071
9	3.6322114
9	3.6304321
9	3.5922608
9	3.5834532
9	3.5602875
9	3.5923412
9	3.6164405
9	3.5630808
9	3.6138682
9	3.5630562
9	3.5067976
9	3.5761917
9	3.5107183
9	3.5126693
9	3.5762482
9	3.5681345
9	3.5776167
9	3.5755055
9	3.5656364
9	3.5104048
9	3.5104203
9	3.5402837
9	3.5775042
9	3.5852952
9	3.543984
9	3.5433948
9	3.593563
9	3.594891
9	3.5948932
9	3.5949128
9	3.5049245
9	3.5084844
9	3.5085227
9	3.59123
9	3.5376322
9	3.5386426
9	3.618886
9	3.543727
9	3.6048057
9	3.5514183
9	3.6106381
9	3.6116166
9	3.5157943
9	3.574739
9	3.5876372
9	3.6094632
9	3.5579844
9	3.558687
9	3.5615573
9	3.558754
9	3.5615115
9	3.5382812
9	3.5713372
9	3.5703664
9	3.5703697
9	3.5408459
9	3.592073
9	3.5300796
9	3.5905282
9	3.5771928
9	3.5819826
9	3.508008
9	3.5803833
9	3.5110726
9	3.5247712
9	3.5311754
9	3.5110989
9	3.531975
9	3.5156798
9	3.522538
9	3.5246155
9	3.585977
9	3.527885
9	3.5740812
9	3.6231124
9	3.6584249
9	3.659642
9	3.658503
9	3.6126697
9	3.6126406
9	3.6111386
9	3.6158872
9	3.611459
9	3.6152887
9	3.5053859
9	3.5226066
9	3.5061636
9	3.5224156
9	3.5397406
9	3.5372663
9	3.5060956
9	3.5070372
9	3.5362544
9	3.506926
9	3.6081564
9	3.6061323
9	3.5123718
9	3.641983
9	3.6384377
9	3.6371512
9	3.6372347
9	3.6373615
9	3.515381
9	3.5156195
9	3.5213227
9	3.5896885
9	3.5927825
9	3.5762086
9	3.5904849
9	3.55127
9	3.5240407
9	3.523935
9	3.5335813
9	3.5271366
9	3.524616
9	3.5924382
9	3.5721738
9	3.5717902
9	3.5912337
9	3.568298
9	3.5721536
9	3.6270118
9	3.6267548
9	3.5862541
9	3.6214416
9	3.5575552
9	3.5080214
9	3.6218686
9	3.6136525
9	3.5450964
9	3.5456233
9	3.559871
9	3.5504546
9	3.5779705
9	3.5745115
9	3.6114244
9	3.622397
9	3.5788865
9	3.6106462
9	3.6205175
9	3.4831235
9	3.6184044
9	3.617679
9	3.572659
9	3.5727062
9	3.4765015
9	3.5326998
9	3.4782772
9	3.5280318
9	3.5339503
9	3.5716958
9	3.6034732
9	3.5647008
9	3.5355582
9	3.5375853
9	3.5545597
9	3.5575757
9	3.5602474
9	3.601797
9	3.4780712
9	3.5961947
9	3.5963838
9	3.49797
9	3.4978554
9	3.547674
9	3.5736248
9	3.5732331
9	3.573381
9	3.5733414
9	3.519232
9	3.5190647
9	3.5110078
9	3.5200863
9	3.5109277
9	3.61085
9	3.594957
9	3.527975
9	3.552345
9	3.5583494
9	3.5706425
9	3.5584152
9	3.4965034
9	3.5511773
9	3.4981387
9	3.4979057
9	3.5244706
9	3.5252395
9	3.5106578
9	3.5166025
9	3.5520346
9	3.5468478
9	3.5536509
9	3.5441518
9	3.5633426
9	3.5056853
9	3.5060291
9	3.5052228
9	3.5058901
9	3.5535572
9	3.4756584
9	3.486952
9	3.5641274
9	3.5395088
9	3.4779773
9	3.4751952
9	3.5807958
9	3.5422406
9	3.5494342
9	3.5896137
9	3.598588
9	3.5986001
9	3.5967884
9	3.5974221
9	3.5976553
9	3.5293908
9	3.5760853
9	3.6329918
9	3.6370456
9	3.6342483
9	3.6342363
9	3.634272
9	3.591159
9	3.600326
9	3.5985165
9	3.5915065
9	3.5558603
9	3.55555
9	3.516364
9	3.5171099
9	3.6011748
9	3.563658
9	3.5652094
9	3.5645094
9	3.6075754
9	3.5642202
9	3.603675
9	3.5661423
9	3.6126444
9	3.5942984
9	3.6106086
9	3.613604
9	3.6140478
9	3.637502
9	3.5260022
9	3.633307
9	3.633301
9	3.534102
9	3.6332984
9	3.5337472
9	3.5612235
9	3.5608416
9	3.5457687
9	3.6262271
9	3.5934467
9	3.593893
9	3.5937963
9	3.5688126
9	3.521267
9	3.5298524
9	3.549284
9	3.5306313
9	3.530623
9	3.5485377
9	3.5026026
9	3.5770872
9	3.5760965
9	3.5075264
9	3.5726712
9	3.5074067
9	3.587809
9	3.5969129
9	3.6201363
9	3.593274
9	3.585793
9	3.5847852
9	3.5851264
9	3.5926766
9	3.526581
9	3.5188932
9	3.504799
9	3.5101166
9	3.5762331
9	3.6250572
9	3.4628255
9	3.4657092
9	3.5054517
9	3.45962
9	3.5547137
9	3.487402
9	3.4813013
9	3.5267148
9	3.5541053
9	3.6199787
9	3.579048
9	3.5979376
9	3.552668
9	3.5964923
9	3.5816982
9	3.480294
9	3.5238876
9	3.5255873
9	3.4934335
9	3.5122907
9	3.497425
9	3.4634404
9	3.5631533
9	3.5869753
9	3.5215602
9	3.5290046
9	3.49681
9	3.4868152
9	3.5332868
9	3.505797
9	3.5231094
9	3.5529807
9	3.5131133
9	3.4885187
9	3.5239542
9	3.5104737
9	3.620368
9	3.4887607
9	3.5124876
9	3.5480275
9	3.5098062
9	3.5096304
9	3.520505
9	3.6304
9	3.5256948
9	3.5759115
9	3.6006758
9	3.5287716
9	3.6304064
9	3.5617115
9	3.539969
9	3.5019512
9	3.5236187
9	3.479313
9	3.510871
9	3.532801
9	3.5271678
9	3.533796
9	3.5687048
9	3.571382
9	3.5215416
9	3.5828156
9	3.4604702
9	3.5063124
9	3.5607896
9	3.5686908
9	3.5379658
9	3.4758017
9	3.5054069
9	3.589427
9	3.4732423
9	3.564254
9	3.5723023
9	3.5433555
9	3.5224788
9	3.555131
9	3.6154184
9	3.5212219
9	3.4951048
9	3.5981705
9	3.504894
9	3.5059261
9	3.4790232
9	3.5226824
9	3.5653768
9	3.4724503
9	3.4748268
9	3.4817128
9	3.475359
9	3.478687
9	3.5649674
9	3.4660914
9	3.5554507
9	3.5088704
9	3.562904
9	3.506439
9	3.5138364
9	3.5505233
9	3.4915328
9	3.5941777
9	3.4792647
9	3.5409193
9	3.5317094
9	3.5513682
9	3.4769855
9	3.5173934
9	3.4613645
9	3.552985
9	3.544771
9	3.513649
9	3.5800846
9	3.5669537
9	3.4865265
9	3.535967
9	3.5365098
9	3.5315604
9	3.4862819
